0.0	4.0
0.0001	3.9601
0.0004	3.9204
0.0009	3.8809
0.0016	3.8416
0.0025	3.8025
0.0036	3.7636
0.0049	3.7249
0.0064	3.6864
0.0081	3.6481
0.01	3.61
0.0121	3.5721
0.0144	3.5344
0.0169	3.4969
0.0196	3.4596
0.0225	3.4225
0.0256	3.3856
0.0289	3.3489
0.0324	3.3124
0.0361	3.2761
0.04	3.24
0.0441	3.2041
0.0484	3.1684
0.0529	3.1329
0.0576	3.0976
0.0625	3.0625
0.0676	3.0276
0.0729	2.9929
0.0784	2.9584
0.0841	2.9241
0.09	2.89
0.0961	2.8561
0.1024	2.8224
0.1089	2.7889
0.1156	2.7556
0.1225	2.7225
0.1296	2.6896
0.1369	2.6569
0.1444	2.6244
0.1521	2.5921
0.16	2.56
0.1681	2.5281
0.1764	2.4964
0.1849	2.4649
0.1936	2.4336
0.2025	2.4025
0.2116	2.3716
0.2209	2.3409
0.2304	2.3104
0.2401	2.2801
0.25	2.25
0.2601	2.2201
0.2704	2.1904
0.2809	2.1609
0.2916	2.1316
0.3025	2.1025
0.3136	2.0736
0.3249	2.0449
0.3364	2.0164
0.3481	1.9881
0.36	1.96
0.3721	1.9321
0.3844	1.9044
0.3969	1.8769
0.4096	1.8496
0.4225	1.8225
0.4356	1.7956
0.4489	1.7689
0.4624	1.7424
0.4761	1.7161
0.49	1.69
0.5041	1.6641
0.5184	1.6384
0.5329	1.6129
0.5476	1.5876
0.5625	1.5625
0.5776	1.5376
0.5929	1.5129
0.6084	1.4884
0.6241	1.4641
0.64	1.44
0.6561	1.4161
0.6724	1.3924
0.6889	1.3689
0.7056	1.3456
0.7225	1.3225
0.7396	1.2996
0.7569	1.2769
0.7744	1.2544
0.7921	1.2321
0.81	1.21
0.8281	1.1881
0.8464	1.1664
0.8649	1.1449
0.8836	1.1236
0.9025	1.1025
0.9216	1.0816
0.9409	1.0609
0.9604	1.0404
0.9801	1.0201
1.0	1.0
1.0201	0.9801
1.0404	0.9604
1.0609	0.9409
1.0816	0.9216
1.1025	0.9025
1.1236	0.8836
1.1449	0.8649
1.1664	0.8464
1.1881	0.8281
1.21	0.81
1.2321	0.7921
1.2544	0.7744
1.2769	0.7569
1.2996	0.7396
1.3225	0.7225
1.3456	0.7056
1.3689	0.6889
1.3924	0.6724
1.4161	0.6561
1.44	0.64
1.4641	0.6241
1.4884	0.6084
1.5129	0.5929
1.5376	0.5776
1.5625	0.5625
1.5876	0.5476
1.6129	0.5329
1.6384	0.5184
1.6641	0.5041
1.69	0.49
1.7161	0.4761
1.7424	0.4624
1.7689	0.4489
1.7956	0.4356
1.8225	0.4225
1.8496	0.4096
1.8769	0.3969
1.9044	0.3844
1.9321	0.3721
1.96	0.36
1.9881	0.3481
2.0164	0.3364
2.0449	0.3249
2.0736	0.3136
2.1025	0.3025
2.1316	0.2916
2.1609	0.2809
2.1904	0.2704
2.2201	0.2601
2.25	0.25
2.2801	0.2401
2.3104	0.2304
2.3409	0.2209
2.3716	0.2116
2.4025	0.2025
2.4336	0.1936
2.4649	0.1849
2.4964	0.1764
2.5281	0.1681
2.56	0.16
2.5921	0.1521
2.6244	0.1444
2.6569	0.1369
2.6896	0.1296
2.7225	0.1225
2.7556	0.1156
2.7889	0.1089
2.8224	0.1024
2.8561	0.0961
2.89	0.09
2.9241	0.0841
2.9584	0.0784
2.9929	0.0729
3.0276	0.0676
3.0625	0.0625
3.0976	0.0576
3.1329	0.0529
3.1684	0.0484
3.2041	0.0441
3.24	0.04
3.2761	0.0361
3.3124	0.0324
3.3489	0.0289
3.3856	0.0256
3.4225	0.0225
3.4596	0.0196
3.4969	0.0169
3.5344	0.0144
3.5721	0.0121
3.61	0.01
3.6481	0.0081
3.6864	0.0064
3.7249	0.0049
3.7636	0.0036
3.8025	0.0025
3.8416	0.0016
3.8809	0.0009
3.9204	0.0004
3.9601	0.0001
0.0	4.0
0.0001	3.9601
0.0004	3.9204
0.0009	3.8809
0.0016	3.8416
0.0025	3.8025
0.0036	3.7636
0.0049	3.7249
0.0064	3.6864
0.0081	3.6481
0.01	3.61
0.0121	3.5721
0.0144	3.5344
0.0169	3.4969
0.0196	3.4596
0.0225	3.4225
0.0256	3.3856
0.0289	3.3489
0.0324	3.3124
0.0361	3.2761
0.04	3.24
0.0441	3.2041
0.0484	3.1684
0.0529	3.1329
0.0576	3.0976
0.0625	3.0625
0.0676	3.0276
0.0729	2.9929
0.0784	2.9584
0.0841	2.9241
0.09	2.89
0.0961	2.8561
0.1024	2.8224
0.1089	2.7889
0.1156	2.7556
0.1225	2.7225
0.1296	2.6896
0.1369	2.6569
0.1444	2.6244
0.1521	2.5921
0.16	2.56
0.1681	2.5281
0.1764	2.4964
0.1849	2.4649
0.1936	2.4336
0.2025	2.4025
0.2116	2.3716
0.2209	2.3409
0.2304	2.3104
0.2401	2.2801
0.25	2.25
0.2601	2.2201
0.2704	2.1904
0.2809	2.1609
0.2916	2.1316
0.3025	2.1025
0.3136	2.0736
0.3249	2.0449
0.3364	2.0164
0.3481	1.9881
0.36	1.96
0.3721	1.9321
0.3844	1.9044
0.3969	1.8769
0.4096	1.8496
0.4225	1.8225
0.4356	1.7956
0.4489	1.7689
0.4624	1.7424
0.4761	1.7161
0.49	1.69
0.5041	1.6641
0.5184	1.6384
0.5329	1.6129
0.5476	1.5876
0.5625	1.5625
0.5776	1.5376
0.5929	1.5129
0.6084	1.4884
0.6241	1.4641
0.64	1.44
0.6561	1.4161
0.6724	1.3924
0.6889	1.3689
0.7056	1.3456
0.7225	1.3225
0.7396	1.2996
0.7569	1.2769
0.7744	1.2544
0.7921	1.2321
0.81	1.21
0.8281	1.1881
0.8464	1.1664
0.8649	1.1449
0.8836	1.1236
0.9025	1.1025
0.9216	1.0816
0.9409	1.0609
0.9604	1.0404
0.9801	1.0201
1.0	1.0
1.0201	0.9801
1.0404	0.9604
1.0609	0.9409
1.0816	0.9216
1.1025	0.9025
1.1236	0.8836
1.1449	0.8649
1.1664	0.8464
1.1881	0.8281
1.21	0.81
1.2321	0.7921
1.2544	0.7744
1.2769	0.7569
1.2996	0.7396
1.3225	0.7225
1.3456	0.7056
1.3689	0.6889
1.3924	0.6724
1.4161	0.6561
1.44	0.64
1.4641	0.6241
1.4884	0.6084
1.5129	0.5929
1.5376	0.5776
1.5625	0.5625
1.5876	0.5476
1.6129	0.5329
1.6384	0.5184
1.6641	0.5041
1.69	0.49
1.7161	0.4761
1.7424	0.4624
1.7689	0.4489
1.7956	0.4356
1.8225	0.4225
1.8496	0.4096
1.8769	0.3969
1.9044	0.3844
1.9321	0.3721
1.96	0.36
1.9881	0.3481
2.0164	0.3364
2.0449	0.3249
2.0736	0.3136
2.1025	0.3025
2.1316	0.2916
2.1609	0.2809
2.1904	0.2704
2.2201	0.2601
2.25	0.25
2.2801	0.2401
2.3104	0.2304
2.3409	0.2209
2.3716	0.2116
2.4025	0.2025
2.4336	0.1936
2.4649	0.1849
2.4964	0.1764
2.5281	0.1681
2.56	0.16
2.5921	0.1521
2.6244	0.1444
2.6569	0.1369
2.6896	0.1296
2.7225	0.1225
2.7556	0.1156
2.7889	0.1089
2.8224	0.1024
2.8561	0.0961
2.89	0.09
2.9241	0.0841
2.9584	0.0784
2.9929	0.0729
3.0276	0.0676
3.0625	0.0625
3.0976	0.0576
3.1329	0.0529
3.1684	0.0484
3.2041	0.0441
3.24	0.04
3.2761	0.0361
3.3124	0.0324
3.3489	0.0289
3.3856	0.0256
3.4225	0.0225
3.4596	0.0196
3.4969	0.0169
3.5344	0.0144
3.5721	0.0121
3.61	0.01
3.6481	0.0081
3.6864	0.0064
3.7249	0.0049
3.7636	0.0036
3.8025	0.0025
3.8416	0.0016
3.8809	0.0009
3.9204	0.0004
3.9601	0.0001
0.0	4.0
0.0001	3.9601
0.0004	3.9204
0.0009	3.8809
0.0016	3.8416
0.0025	3.8025
0.0036	3.7636
0.0049	3.7249
0.0064	3.6864
0.0081	3.6481
0.01	3.61
0.0121	3.5721
0.0144	3.5344
0.0169	3.4969
0.0196	3.4596
0.0225	3.4225
0.0256	3.3856
0.0289	3.3489
0.0324	3.3124
0.0361	3.2761
0.04	3.24
0.0441	3.2041
0.0484	3.1684
0.0529	3.1329
0.0576	3.0976
0.0625	3.0625
0.0676	3.0276
0.0729	2.9929
0.0784	2.9584
0.0841	2.9241
0.09	2.89
0.0961	2.8561
0.1024	2.8224
0.1089	2.7889
0.1156	2.7556
0.1225	2.7225
0.1296	2.6896
0.1369	2.6569
0.1444	2.6244
0.1521	2.5921
0.16	2.56
0.1681	2.5281
0.1764	2.4964
0.1849	2.4649
0.1936	2.4336
0.2025	2.4025
0.2116	2.3716
0.2209	2.3409
0.2304	2.3104
0.2401	2.2801
0.25	2.25
0.2601	2.2201
0.2704	2.1904
0.2809	2.1609
0.2916	2.1316
0.3025	2.1025
0.3136	2.0736
0.3249	2.0449
0.3364	2.0164
0.3481	1.9881
0.36	1.96
0.3721	1.9321
0.3844	1.9044
0.3969	1.8769
0.4096	1.8496
0.4225	1.8225
0.4356	1.7956
0.4489	1.7689
0.4624	1.7424
0.4761	1.7161
0.49	1.69
0.5041	1.6641
0.5184	1.6384
0.5329	1.6129
0.5476	1.5876
0.5625	1.5625
0.5776	1.5376
0.5929	1.5129
0.6084	1.4884
0.6241	1.4641
0.64	1.44
0.6561	1.4161
0.6724	1.3924
0.6889	1.3689
0.7056	1.3456
0.7225	1.3225
0.7396	1.2996
0.7569	1.2769
0.7744	1.2544
0.7921	1.2321
0.81	1.21
0.8281	1.1881
0.8464	1.1664
0.8649	1.1449
0.8836	1.1236
0.9025	1.1025
0.9216	1.0816
0.9409	1.0609
0.9604	1.0404
0.9801	1.0201
1.0	1.0
1.0201	0.9801
1.0404	0.9604
1.0609	0.9409
1.0816	0.9216
1.1025	0.9025
1.1236	0.8836
1.1449	0.8649
1.1664	0.8464
1.1881	0.8281
1.21	0.81
1.2321	0.7921
1.2544	0.7744
1.2769	0.7569
1.2996	0.7396
1.3225	0.7225
1.3456	0.7056
1.3689	0.6889
1.3924	0.6724
1.4161	0.6561
1.44	0.64
1.4641	0.6241
1.4884	0.6084
1.5129	0.5929
1.5376	0.5776
1.5625	0.5625
1.5876	0.5476
1.6129	0.5329
1.6384	0.5184
1.6641	0.5041
1.69	0.49
1.7161	0.4761
1.7424	0.4624
1.7689	0.4489
1.7956	0.4356
1.8225	0.4225
1.8496	0.4096
1.8769	0.3969
1.9044	0.3844
1.9321	0.3721
1.96	0.36
1.9881	0.3481
2.0164	0.3364
2.0449	0.3249
2.0736	0.3136
2.1025	0.3025
2.1316	0.2916
2.1609	0.2809
2.1904	0.2704
2.2201	0.2601
2.25	0.25
2.2801	0.2401
2.3104	0.2304
2.3409	0.2209
2.3716	0.2116
2.4025	0.2025
2.4336	0.1936
2.4649	0.1849
2.4964	0.1764
2.5281	0.1681
2.56	0.16
2.5921	0.1521
2.6244	0.1444
2.6569	0.1369
2.6896	0.1296
2.7225	0.1225
2.7556	0.1156
2.7889	0.1089
2.8224	0.1024
2.8561	0.0961
2.89	0.09
2.9241	0.0841
2.9584	0.0784
2.9929	0.0729
3.0276	0.0676
3.0625	0.0625
3.0976	0.0576
3.1329	0.0529
3.1684	0.0484
3.2041	0.0441
3.24	0.04
3.2761	0.0361
3.3124	0.0324
3.3489	0.0289
3.3856	0.0256
3.4225	0.0225
3.4596	0.0196
3.4969	0.0169
3.5344	0.0144
3.5721	0.0121
3.61	0.01
3.6481	0.0081
3.6864	0.0064
3.7249	0.0049
3.7636	0.0036
3.8025	0.0025
3.8416	0.0016
3.8809	0.0009
3.9204	0.0004
3.9601	0.0001
