0. 91.4664169092440033637 
0.0000915555284279916 88.9076993115439933035 
0.0006714072084719382 87.8644090335173757467 
0.0015259254737998596 78.9399214967462796721 
0.0017700735496078371 75.2925987317181011349 
0.0213324381237220383 65.9630887482735204230 
0.0279854731894894244 56.5030403546700341621 
0.0507217627491073353 47.8222303098206467098 
0.0514236884670552716 47.7450865110524063084 
0.0560319833979308485 44.0043051613025397728 
0.5047761467329935359 40.4533382976332092085 
0.5218970305490280293 28.8687793956629974446 
0.6451612903225806272 27.1770722949193164197 
