0. 71.3765261306194815916 
0.0001220740379039888 71.2831814962995338192 
0.0010376293221839045 51.8425266363873831210 
0.0010986663411358989 50.2062675466987400341 
0.0063783684804834132 49.7786924440804909864 
0.0068361461226233711 48.2139714005903456950 
0.0068971831415753655 47.3386882605016694470 
0.1575975829340494905 46.4736412176265787366 
0.2031311990722373117 45.4624514807455213372 
0.2033753471480452823 45.4605637360775318712 
0.2068544572283089744 42.8918291347680806780 
0.2839442121646778561 41.3417182008635606394 
0.7839594714194159097 33.7039762072334312393 
