0. 83.5689388693703989475 
0.00006103701895199438 83.5376681645406620191 
0.0001831110568559831 81.2434054421711380201 
0.0011597033600878933 80.0978568082924482496 
0.0021362956633198035 68.2454954224045167166 
0.0031128879665517136 53.1037626595256995188 
0.0070192571794793542 50.7239987767304967292 
0.0664693136387218830 44.4377886795411995990 
0.4273201696829126983 40.6863839096186836741 
0.4914090395825068125 39.3526099650854490619 
0.8421582689901425667 37.8469182964975203731 
0.8426465651417585079 34.3208847758116917248 
