0. 88.0540788448844864433 
0.0002441480758079775 83.9963112282329831260 
0.0020447401348918119 79.9330914988134111354 
0.0025025177770317698 78.8457661935565710110 
0.0119632557145908994 71.4714096422804487929 
0.0120242927335428937 65.9640101703479615480 
0.0380260628070925033 60.2126942403209994836 
0.1115146336252937353 43.0885564253867912043 
0.1193273720511490166 43.0111245587992740980 
0.2195501571703238064 40.5781646528708392907 
0.4463332010864589638 40.1519208304172323665 
0.4775841547898800887 27.6976534927434876465 
