0. 80.5200565452580860892 
0.0014038514358958708 77.3766477519568098842 
0.0025635547959837641 75.6284627206264161714 
0.0079348124637592700 72.6525712846850808546 
0.0081789605395672475 71.4610344376036437097 
0.0156865138706625586 71.0892282894353826350 
0.0454420606097598184 67.6421368096922037694 
0.0683614612262337107 66.3009336483196562995 
0.1122775963621936712 54.8058109648798392754 
0.2277291177098910435 53.7046606791954346249 
0.2382274849696340846 52.8319246328779783539 
0.2460402233954893658 40.9431171376510789628 
