0. 97.5704999262067076415 
0.00003051850947599719 92.7285942069389648168 
0.0001525925473799860 84.0936711853306064768 
0.0002746665852839747 80.7861919552585590054 
0.0010071108127079073 70.2018419592327234113 
0.0030213324381237220 58.4551309414946231868 
0.0059511093478194525 58.2805740180014382190 
0.0655232398449659692 56.9127674933866671836 
0.0830713827936643556 54.5098505662394217097 
0.0936002685628833930 53.2008795530844835753 
0.0943632312997833150 53.1245840840254999193 
0.1602832117679372503 49.8655815859257671718 
0.2343821527756584366 44.8780059181288919490 
0.2734763634144108391 41.9330201683038410465 
0.4500869777520065673 26.1816317101121249777 
0.9558702352977080929 15.8588195042933897128 
