0. 75.5021654397958457139 
0.0001220740379039888 73.8772175478551815786 
0.0061342204046754356 70.4733052867755702664 
0.0079348124637592700 65.9777759888870747318 
0.0727561265907773064 61.2858667497735467577 
0.0830713827936643556 56.5562930162549477586 
0.0942106387524033334 54.9955987122511942289 
0.1040070802941984313 46.1455308643141748348 
0.1049836725974303414 45.2985342569227569243 
0.1566820276497695730 42.5547975058267269333 
0.2192144535660878191 34.1971003032490372675 
0.8285775322733237580 33.2936336809150859040 
