0. 120.8006988305915285764 
0.00006103701895199438 28.4472208838201545689 
0.0003051850947599719 26.8788898121719519452 
0.0003662221137119663 26.2820560132726193103 
0.0004272591326639607 23.7089514008373427600 
0.0007934812463759270 23.1550272995481378757 
0.0009155552842799158 20.7801756230040837181 
0.0017395550401318400 19.9115515547927834916 
0.0018616290780358287 19.7283121532505667517 
0.0021668141727958006 18.4329957529934311822 
0.0093997009186071352 18.1505429162281082256 
0.0172429578539384128 17.1419116669265463315 
0.0191961424604022331 15.9755759652367235191 
