0. 10.1914998975755981547 
0.00006103701895199438 10.0662798914971300945 
0.0003662221137119663 9.9514605962732716193 
0.0039674062318796350 9.7338486989695400808 
0.0039979247413556322 9.7330866666806343801 
0.0317392498550370800 9.4426822036788014003 
0.0644856105227820664 9.4394140121355327722 
0.0781273842585528122 9.4143491929635416682 
0.1406903286843470546 9.0115786447178116703 
0.2540055543687246287 8.8945210021047582671 
0.5001068147831659871 8.8708799063502929982 
0.5001678518021179798 8.6374158807493071066 
0.5168614764854884136 8.3075967550776450565 
0.6407055879390850528 7.9949497113674006243 
