0. 11.7989252743304717796 
0.0009765923032319101 11.2627129536666874543 
0.0058595538193914609 11.0855865637831207948 
0.0081789605395672475 11.0748367422573767982 
0.0197454756309701843 11.0636092847064517741 
0.0313730277413251171 10.7805992546001032650 
0.0468764305551316873 10.6829194447477071606 
0.2500076296273689991 10.3435197849065119158 
0.2814416943876461019 10.1253490047902712234 
0.4077272865993225026 9.5044359935594986410 
0.5705130161442915071 8.8440972407734292915 
0.5714896084475233895 7.5834024865041751440 
