0. 168.7467094321120839595 
0.00003051850947599719 153.0072304122494415424 
0.0002441480758079775 150.9962521082157707042 
0.0005188146610919523 145.2686899917466405441 
0.0006714072084719382 131.2876690174818179457 
0.0007324442274239326 90.6218731783127822155 
0.0018311105685598315 89.2256522462844117172 
0.0033875545518356883 84.2945619646217494392 
0.0188299203466902668 81.0577581253619428026 
0.0725119785149693358 78.2801683632124394307 
0.0899075289162877267 74.6524154496156597816 
0.1375774407177953462 74.5302644780080498776 
0.1389507736442152086 66.8928540950934120701 
0.1965392010254219113 50.7668000770107852304 
0.6365855891598254379 38.8682989406037080471 
