0.00003051850947599719 178.9349282389981965480 
0.0000915555284279916 174.1953674966548533121 
0.0001525925473799860 98.5422135812518291686 
0.0045777764213995788 97.1651573354023838647 
0.0058900723288674581 82.4364995477275925850 
0.0070802941984313486 79.1587638933183086465 
0.0190740684224982443 75.6323298179087259996 
0.1145054475539414723 55.8513385852276016408 
0.3567613757744071967 55.5490780781021911139 
0.4129154332102419889 54.6532495449813495725 
0.6562089907528916299 35.3848717020286045454 
