0. 152.2669727933401304654 
0.0002441480758079775 127.9116805873749314060 
0.0007019257179479354 118.5330336738406202812 
0.0010681478316599017 112.1015574267180738843 
0.0023194067201757866 110.1440940871716662741 
0.0026551103244117557 104.8729289749868485160 
0.0034485915707876827 95.6522787239513121449 
0.0081179235206152531 95.6307426386091208315 
0.0273140659810174879 83.8120650072169297573 
0.0346079897457808178 56.1310498812168461313 
0.1998046815393536291 55.1236787544971704733 
0.3485824152348399041 43.4553460593683666957 
