0.00003051850947599719 182.2157337959489211698 
0.0000915555284279916 148.3375648286792056751 
0.0002746665852839747 144.2086070824167904902 
0.0004882961516159551 109.9928242437838150636 
0.0012512588885158849 103.3281593950686243488 
0.0043031098361156041 86.1752779162443971472 
0.0093081453901791445 83.8651879631807730675 
0.0121463667714468825 82.5510516922286541330 
0.0176396984771263789 78.2724320187862616649 
0.0258796960356456191 65.9691869881861805425 
0.1987060151982177059 55.8201079656964580522 
0.5082857753227332243 54.5913737172460571401 
0.9289529099398785572 54.2731109478453603856 
