0. 129.2922642008459774843 
0.0000915555284279916 120.5099298063206134657 
0.0003357036042359691 102.7094177943578330314 
0.0014648884548478652 85.7925493826923144525 
0.0086672566911832026 82.6825274720270897433 
0.0164494766075624875 81.2014759846355929085 
0.0499893185216834027 72.7049285252151804570 
0.1239356669820246004 67.4776840086964142529 
0.2110965300454725746 63.7655037168804668113 
0.2201300088503677366 61.8403756998152971391 
0.2631000701925718110 55.3993136752139392342 
0.5533310953093051321 52.2915318683157579471 
0.8646809289834284096 46.7144952129577362143 
