0. 139.4514680391056060671 
0.0001525925473799860 119.3294232889881953952 
0.0009155552842799158 104.4403480589782162724 
0.0013428144169438765 102.6456852560194903390 
0.0026551103244117557 94.7478966007605976074 
0.0028077028717917417 76.0775193016376078958 
0.0335093234046449154 63.5561102365261803015 
0.1399578844569231151 61.3286873562842274055 
0.3516647846919156439 60.9084811511176198451 
0.4439527573473311395 56.3700561824687014223 
0.5440534684286019162 55.0431840674735823882 
0.9775994140446180314 54.6407356570308806454 
