0.00003051850947599719 143.2352819798126972728 
0.0001525925473799860 124.5065658713961482817 
0.0013122959074678793 117.0158167199861338759 
0.0017395550401318400 114.4254560691436495290 
0.0025635547959837641 92.7115846472855764659 
0.0036011841181676687 86.4603185798121813832 
0.0054628131962034974 85.8871535003202666303 
0.0152592547379985961 84.1922080647031947365 
0.0278633991515854357 84.1072677302828282109 
0.0300302133243812372 81.6381904958877555600 
0.0328073976866969791 81.4875242613137231729 
0.0517899105807672344 76.8901181040874632799 
0.0636616107669301379 75.0497471745897115625 
0.1087069307535020041 68.2217566340258514401 
0.1107821893978698097 62.8581189628786418666 
0.2031311990722373117 61.0694855463251116134 
0.2937101351969969576 36.6109957622390851384 
