0. 189.5089177538154388003 
0.0001220740379039888 132.8192917337745200257 
0.0002746665852839747 129.7939014434463160796 
0.0006103701895199438 97.7231212485157101355 
0.0079042939542832737 87.5603294701294601054 
0.0104983672597430341 78.4400033815832387063 
0.0193182164983062218 70.2387533767313385624 
0.0271614734336375029 69.6546829534433413755 
0.0556657612842188787 68.8199694535936856710 
0.0603045747245704519 55.5280014332537845689 
0.6393017365031892218 51.8946395601253129826 
0.9888607440412610083 49.2200814181696699734 
