0.0000915555284279916 111.4604547748751173231 
0.0010376293221839045 106.7323416484655496106 
0.0029297769096957305 100.3966698684860574531 
0.0063783684804834132 91.6445141638258604644 
0.0213019196142460419 88.5993389874226124903 
0.0484939115573595411 87.1122550763486600545 
0.0504470961638233614 75.6611040858066843384 
0.1309549241615039494 69.5869438655997782916 
0.1780144657734916147 65.2279755480691250113 
0.1863460188604388612 61.5246327938386272649 
0.8069704275643178049 61.2034714249826592436 
0.8124942777794732507 49.4469974682791146847 
