0.00003051850947599719 131.7113584533505559193 
0.0002746665852839747 127.1797186384781213064 
0.0004882961516159551 126.7972013192948992355 
0.0007934812463759270 124.6303551589994356163 
0.0008239997558519242 110.7317824205135394777 
0.0010681478316599017 108.7541091517377793707 
0.0049439985351115452 105.4938400321428702000 
0.0050355540635395367 98.5196607756265763101 
0.0157170323801385549 94.5608012153280270695 
0.0227668080690939072 87.8221657118727847546 
0.0313119907223731175 77.8203184921699460119 
0.0354014709921567430 72.2873244691003407070 
0.0421460615863521251 66.1240458310091128169 
0.0813013092440565272 61.6511463236977093061 
0.4969634083071382546 51.3675128953262216669 
0.9271217993713186667 46.3453306319347291264 
