0.00003051850947599719 214.1290025044501987850 
0.0000915555284279916 160.5845112794426370328 
0.0003357036042359691 148.8867372238321422628 
0.0004882961516159551 135.8245320576580752458 
0.0007934812463759270 106.8523616536770504126 
0.0024719992675557726 91.4104879913667502933 
0.0094302194280831333 89.0549235483626517862 
0.0139774773400067141 72.2995185913674305311 
0.0819421979430524639 68.5655797026067119759 
0.3631092257454145988 66.3049095876626779500 
0.3636890774254585290 59.5914938708769952314 
0.6876125370036927364 51.7808403375020347426 
0.7543259987182225901 40.0706085375206413346 
