0.00003051850947599719 178.7416016208129008191 
0.0001220740379039888 108.8404487102128541665 
0.0018921475875118259 104.1463060651898189235 
0.0019837031159398175 89.7136155547203060223 
0.0065309610278633992 84.5960245432676458677 
0.0348216193121127990 78.1671538735378277352 
0.0370189519943845968 72.9487346444534949796 
0.1149937437055574274 60.8717222127938200060 
0.6958830530716879625 57.0792190844117470760 
0.7372966704306161967 52.4277894911629473995 
0.7475814081240271802 52.3519502840140091848 
0.8810388500625629948 35.8493761829966928190 
