0.00003051850947599719 211.6522988858439191517 
0.00006103701895199438 179.8591989109691837712 
0.0001525925473799860 161.1870750562726470889 
0.0002136295663319803 140.0171881653677701252 
0.0002746665852839747 130.5366229936918784915 
0.0003967406231879635 120.6286191656853503673 
0.0010376293221839045 85.6722622472636032853 
0.0136417737357707458 80.2184766354020695189 
0.0160527359843745249 78.3504495424539726400 
0.0285653248695333720 78.2908034839838364860 
0.0421765800958281214 69.5081384228536904857 
0.0605792413098544258 53.6457576024635116596 
0.7466353343302712942 53.2355793977219278190 
0.8757591479232154086 51.0092412707457043552 
