0. 213.3298155584799076223 
0.00006103701895199438 182.5328326539940064777 
0.0000915555284279916 178.1861373240128045836 
0.0001220740379039888 152.8258503149426701384 
0.0003662221137119663 138.4011079768038996463 
0.0007934812463759270 135.9277378090191632509 
0.0013428144169438765 131.9146811823293603538 
0.0016174810022278512 90.9127074929698579808 
0.0037232581560716575 86.4709350582606219859 
0.0110171819208349873 79.4329160063268346903 
0.0139469588305307177 67.5673261726263376659 
0.0672933133945738116 51.8241159821461110368 
0.5283669545579393612 51.2405412248191751701 
0.6326487014374218010 46.9252675004324899532 
