0. 4.0588676202736344578 
0.00006103701895199438 4.0497404395098968166 
0.0001525925473799860 4.0250785681033605101 
0.0009765923032319101 3.9841033782164338994 
0.0048829615161595508 3.9063956865329116930 
0.0049439985351115452 3.9054554689873803852 
0.0078127384258552812 3.8892556289649040657 
0.0156254768517105624 3.8193504948311338687 
0.0156865138706625586 3.7939261449405332627 
0.0234382152775658437 3.7588449110563488809 
0.0234992522965178398 3.7379328205222259740 
0.0273445844904934843 3.7250351898903737435 
0.0277108066042054506 3.7217216726085617928 
0.0314035462508011134 3.6881985964351455820 
0.0390636921292764061 3.6602959531976142493 
0.0392162846766563947 3.6596201885715178292 
0.0410168767357402264 3.6416983360432864103 
0.0468764305551316873 3.6111139864094377039 
0.0469374675740836800 3.6108305258576622876 
0.0509659108249153128 3.5981049601772210345 
0.0625019074068422498 3.5486079112695070314 
0.0781273842585528122 3.4879995447665388397 
0.0859401226844080934 3.4662466889760672473 
0.0870693075350199852 3.4554800335142537015 
0.1093783379619739371 3.3820704599425090997 
0.1132847071749015777 3.3702933017664280513 
0.1251564073610644812 3.3534992769910143551 
0.1259804071169164097 3.3313437568517012544 
0.1474044007690664404 3.2766738280243372650 
0.1564073610644856061 3.2569637339495076667 
0.1564683980834375987 3.2568083916193666383 
0.1875057222205267493 3.1769639097420201423 
0.2031311990722373117 3.1407347598549271161 
0.2120731223487044848 3.1221078131400807898 
0.2189092684713278558 3.1107545147978381550 
0.2509842219306009370 3.0893183443527609810 
0.2558671834467604600 3.0451355810283664560 
0.2656941434980315542 3.0100171544485845310 
0.2745750297555467623 2.9954186892158825017 
0.2812585833307901240 2.9952299280752487931 
0.2814111758781701056 2.9807891886568431694 
0.3125095370342112488 2.9211691511219264328 
0.3144627216406750692 2.9208291784870747954 
0.3281350138859218113 2.9033172628706900298 
0.3369243446150090304 2.8802013782600885960 
0.3370464186529130157 2.8799898291737351386 
0.3370769371623890120 2.8799369478883907192 
0.3632923368022705768 2.8540537341281875250 
0.3683278908658101369 2.8246119872162056552 
0.3906979583117160537 2.7932110084294667907 
0.4121219519638660844 2.7707540147361378047 
0.4375133518478957484 2.7204039871255800698 
0.4453260902737510296 2.7086780307987989858 
0.4531388286996063108 2.7021509143345152637 
0.4531998657185583035 2.7009693447526359478 
0.5009918515579698806 2.6562418611670906010 
0.5058748130741295146 2.6343301612137488554 
0.5097811822870571552 2.6228143414150473234 
0.5149082918790246488 2.6026467157385257956 
0.5234534745323038418 2.5910613263171886622 
0.5332193975646229989 2.5863188489265076519 
0.5410321359904782801 2.5719332151982743362 
0.5411847285378582617 2.5714705394069388156 
0.5566576128421888425 2.5522089622474539716 
0.5732596819971312874 2.5334872869578690668 
0.5735038300729392580 2.5331624960815557479 
0.5939207129123813544 2.5011258400025715431 
0.6035340433973205299 2.4886204711715294024 
0.6035645619067965262 2.4884490856546057635 
0.6035950804162725225 2.4874722637990243079 
0.6191595202490310923 2.4689261217351581301 
0.6315500350962859333 2.4497010825514746735 
0.6471755119479964957 2.4326461131365562096 
0.6473586230048524737 2.4270099257084072342 
0.6474196600238044663 2.4265148420805515705 
0.6552323984496597475 2.4186750940733183768 
0.6718955046235541850 2.3988871991110722881 
0.6836146122623371069 2.3846512343686447899 
0.6837366863002410922 2.3840867712743647466 
0.6894741660817286233 2.3811222139809316012 
0.6914883877071443807 2.3781305055319075237 
0.6940519425031281830 2.3718898207364103037 
0.7031464583269753099 2.3596871250297333233 
0.7539292580950346378 2.3195912949718890950 
0.7558824427014985137 2.3125313915315643953 
0.7597888119144261543 2.3013247656271187402 
0.7598803674428541433 2.3012189867704493373 
0.8125247962889492470 2.2463525857421915433 
0.8281502731406598095 2.2251568540723911660 
0.8808862575151830132 2.1727706998491616019 
0.8815576647236549324 2.1579377940903654576 
0.9336222418897061059 2.1082484590138714786 
0.9337443159276100912 2.1081212796996733338 
0.9394817957090976224 2.0959478958212911515 
0.9399700918607135636 2.0957269018306519115 
0.9541306802575761914 2.0857399225331767489 
0.9619434186834314726 2.0788200770040634602 
