0. 7.9486804429740747224 
0.0001220740379039888 7.9471616583761175434 
0.0009765923032319101 7.9110458272731900564 
0.0010986663411358989 7.9056842833222606970 
0.0019531846064638203 7.7875030088609555889 
0.0046998504593035676 7.7873844538078422772 
0.0156254768517105624 7.5652887601094871428 
0.0164799951170384838 7.5633220040152586705 
0.0181279946287423339 7.5405332184887932101 
0.0234382152775658437 7.4867487137742978476 
0.0312509537034211249 7.4792281716661284108 
0.0313119907223731175 7.4509538884059542951 
0.0468764305551316873 7.3670046648709774928 
0.0488906521805475003 7.2998732141209794477 
0.0625019074068422498 7.2529908297192129396 
0.0938138981292153673 7.0636712418448555084 
0.1094393749809259297 6.9953168792255135955 
0.1250038148136844995 6.9214112693038325474 
0.1250648518326364922 6.9155053440114260255 
0.1484420300912503432 6.8902850069559002932 
0.1504562517166661562 6.8690836305152922492 
0.1563158055360576171 6.8341405726655422015 
0.1564073610644856061 6.8333273835873926671 
0.1572923978392895272 6.7960819959036200544 
0.1875057222205267493 6.6937819321896014912 
0.1875667592394787420 6.6893563361816870127 
0.2187566759239478742 6.5943178343340109748 
0.2500076296273689991 6.5122884301973158472 
0.2812585833307901240 6.4258387889673196369 
0.3125095370342112488 6.3734668222712516084 
0.3437604907376323737 6.2684591481350286912 
0.3447370830408643116 6.2668737210961760198 
0.3750114444410534986 6.1860522768330863386 
0.4075441755424665247 6.1143145444150270862 
0.5000152592547379982 5.9356249337571496127 
0.5002899258400219651 5.9294796870899135754 
0.5220496230964080109 5.8762787253686914468 
0.5312662129581591230 5.8665238083800614888 
0.5313272499771111157 5.8651603439905048987 
0.5533005767998291358 5.8163470788282989332 
0.6250801110873744903 5.6943028306210905498 
0.6563005462813196189 5.6595483986771846219 
0.6563921018097476079 5.6566724693724150796 
0.6564226203192236042 5.6294889618671675180 
0.6875209814752647475 5.5807528257394620752 
0.6875514999847407438 5.5807010575654079076 
0.6877651295510727181 5.5755131370319963580 
0.6878261665700247107 5.5744475337008694282 
0.7037568285164952364 5.5663583938357934500 
0.7049775688955350894 5.5630575506366461980 
0.7187719351786858724 5.5533544663810108233 
0.7500228888821069972 5.5288164087735989227 
0.7501449629200109825 5.5234466130340269530 
0.7505111850337229384 5.5228498907082794744 
0.7734611041596728409 5.4390568529720422219 
0.7812738425855281221 5.4327167557757860550 
0.7817621387371440633 5.4274165017856956794 
0.8028199102755821936 5.3918616970361110674 
0.8281502731406598095 5.3518121832804999016 
0.8633075960570085749 5.2952526302375355627 
0.9064302499465926033 5.2353168848769806587 
0.9322183904538102750 5.2018281729813313774 
0.9869075594347972435 5.1200878301819523486 
