0. 5.8579208805596127974 
0.0002441480758079775 5.8201028939497465586 
0.0027161473433637501 5.7970424149304040640 
0.0039063692129276406 5.7287359495711642765 
0.0156559953611865588 5.6793537413466648189 
0.0316171758171330947 5.4540958737697877723 
0.0334482863856929227 5.4296260083933303164 
0.0490737632374034852 5.3359927105736018049 
0.0664082766197698904 5.2829047955587817853 
0.0665303506576738757 5.2821898355019785143 
0.0723288674581133440 5.2453433701183342919 
0.1018097476119266404 5.1615976821919797857 
0.1035798211615344688 5.1215157087600271524 
0.1193884090701010231 5.0699034254726917936 
0.1250038148136844995 5.0206568069709645030 
0.1250343333231604959 4.9778728999143195821 
0.1328165532395397808 4.9725776406772412841 
0.1662648396252326965 4.8652688470868294956 
0.1816461684011352884 4.8363071580818353112 
0.1818903164769432590 4.8361210336198752202 
0.2287667470320749463 4.7732153834724639907 
0.2441480758079775382 4.6780509220883255139 
0.2443922238837855088 4.6774522059274099561 
0.2448805200354014777 4.6762556701113249247 
0.3518173772392956256 4.4664487974193471942 
0.3693960386974700083 4.4333740808473649508 
0.3750724814600054913 4.3713563885014954380 
0.3867305520798364204 4.3378413476094328516 
0.4063234351634266162 4.3151847104952532064 
0.4160893581957457177 4.2818369472532635811 
0.4709616382335886642 4.2465304277351378914 
0.4787743766594439454 4.2327426962103524843 
0.5000152592547379982 4.1823089457285442805 
0.5009918515579698806 4.1682583701859057257 
0.5312662129581591230 4.0908824511240915456 
0.6562700277718436226 3.8853473254737584952 
0.6819055757316813127 3.8646450715579998558 
0.7268288216803491242 3.8004816688980671557 
0.8516190069277016494 3.7267608424735625405 
0.8519852290414136053 3.6198705799939672190 
0.9062776573992126217 3.5604830509521199211 
0.9063386944181646143 3.5388743140750418270 
0.9714651936399426590 3.4724403943950981066 
0.9787896359141819991 3.4634642707067970768 
