0. 9.2543327543574633864 
0.0020142216254158147 9.1576634230098434841 
0.0078127384258552812 9.0453094499488830849 
0.0312509537034211249 8.7834399206651276870 
0.0938444166386913636 8.4270854990644270543 
0.0939664906765953489 8.4264759747856121663 
0.1094698934904019261 8.4034992219977731054 
0.1250038148136844995 8.2047008469148394738 
0.1875057222205267493 7.9370475358968324286 
0.2187871944334238705 7.8874877767742530565 
0.2507095553453169145 7.8614501750234104804 
0.2578203680532242803 7.8402865981546181473 
0.2734458449049348427 7.7431163160367981746 
0.3127231666005432231 7.7026740447648096577 
0.3444624164555802892 7.6888570946562788677 
0.3447065645313882598 7.5932072639141034998 
0.3454390087588122271 7.5495356018203505499 
0.3750114444410534986 7.4861561438252914868 
0.3750419629505294950 7.3954534041442050452 
0.4688558610797448622 7.2268593905335727356 
0.4691000091555528328 7.2170036185350223690 
0.5000152592547379982 7.1569138384158845767 
0.5312662129581591230 7.0586281813493734205 
0.6563310647907956152 6.8873457026892372923 
0.6563615833002716116 6.8618788807750625835 
0.7189855647450178466 6.8185768811599887229 
0.7265846736045411536 6.6841380118031050728 
0.7500228888821069972 6.6481901671873115944 
0.8751182592242194858 6.4098794275633022011 
0.9688100833155308678 6.4018192675376850431 
0.9692983794671468090 6.2783504534360785598 
