0. 7.2731225568127264580 
0.0004882961516159551 7.2404632000621207410 
0.0009765923032319101 7.1929671075441001804 
0.0019531846064638203 7.1552979112369428094 
0.0039063692129276406 7.1380036732017861922 
0.0156254768517105624 6.9462287806170657234 
0.0175786614581743827 6.9237537020821617872 
0.0185552537614062929 6.9071006213388805861 
0.0312509537034211249 6.8035394262543311683 
0.0322275460066530350 6.7966174978378965932 
0.0332041383098849452 6.7830263975060489656 
0.0390636921292764061 6.7472378787159437152 
0.0468764305551316873 6.6942652671108406892 
0.0488296151615955076 6.6841348261701085676 
0.0625019074068422498 6.5993543359205713017 
0.0781273842585528122 6.5698850674362985202 
0.0937528611102633747 6.4515242848682552434 
0.0942411572618793297 6.4513203333792841221 
0.0976592303231910153 6.4372956560697209838 
0.1250038148136844995 6.3252158183308484496 
0.1251258888515884848 6.3247501626854836232 
0.1514023255104220700 6.3244223379568538235 
0.1562547685171056244 6.2148055681514486892 
0.1572313608203375346 6.2076883861832028444 
0.1728568376720480970 6.1569348286693124095 
0.1875057222205267493 6.1061222798099246134 
0.1875362407300027456 6.1060272423684569532 
0.1894589068269905696 6.1023709111557336016 
0.2187566759239478742 6.0148490668396403791 
0.2207098605304116945 6.0126791142427791215 
0.2207708975493636872 6.0125038486380111280 
0.2373119296853541671 5.9646254763123369713 
0.2500076296273689991 5.9361851878119278325 
0.2504959257789849403 5.9256575711761412251 
0.2657551805169835468 5.8916428657470056862 
0.2666096987823114994 5.8858927370595228723 
0.2685628833887753197 5.8824107007088795029 
0.2686849574266793050 5.8820929336495293427 
0.2764976958525345863 5.8619038633419782158 
0.2812585833307901240 5.8470567151182262222 
0.2968840601825006864 5.8086098873655425123 
0.2969145786919766827 5.8085343341451380894 
0.2973723563341166276 5.8074015014386617395 
0.3759880367442854365 5.6505183508778831225 
0.3911252174443800023 5.6491465724715759222 
0.4140751365703299047 5.5755243860543917123 
0.4141056550798059010 5.5460576038342050964 
0.4218878749961851859 5.5389708822953780398 
0.4375133518478957484 5.4887506406354757971 
0.4453260902737510296 5.4793034470431267735 
0.4687643055513168733 5.4572685486928813603 
0.4687948240607928696 5.4572082992465276163 
0.4690389721366008402 5.4297516001569574584 
0.4707174901577806936 5.4290829316994253517 
0.4863429670094912560 5.4196915506459335532 
0.5001373332926419835 5.4009569625234963297 
0.5009918515579698806 5.3671044066632056513 
0.5010223700674458769 5.3670462539840571026 
0.5156407361064485606 5.3461864299321222305 
0.5175939207129124364 5.3401653946259894923 
0.5215002899258400770 5.3345541161595946278 
0.5216223639637440623 5.3343260240249019688 
0.5332193975646229989 5.3195424208055701598 
0.5337076937162389401 5.3112882705065578293 
0.5527512436292612019 5.2775304758234442559 
0.5605639820551164831 5.2584753277020519491 
0.5644703512680441237 5.2581671228057489387 
0.5957213049714652486 5.1944061251381326016 
0.5962096011230811898 5.1935530228203248271 
0.6250190740684224977 5.1492913600493706028 
0.6255073702200384389 5.1455892029272281007 
0.6274605548265023147 5.1450027458555362969 
0.6295358134708700648 5.1441353561619864720 
0.6489455854976042826 5.1310077911854055088 
0.6562700277718436226 5.0957841046444105615 
0.6777550584429457015 5.0621945491332960287 
0.6875209814752647475 5.0364474615795469248 
0.7187719351786858724 4.9902875982966410362 
0.7190160832544938430 4.9891680876235078301 
0.7343974120303964348 4.9643229111919460195 
0.7500228888821069972 4.9428354959322833295 
0.7505111850337229384 4.9420750040866545660 
0.7519760734885708731 4.9397950117133122561 
0.7520065919980468694 4.9397475354982116613 
0.7656483657338175597 4.9312685697430627130 
0.7661366618854335009 4.9205615284451864611 
0.7676015503402814355 4.9195036012519928192 
0.7871333964049196386 4.8833947520544809251 
0.7968993194372386846 4.8683823116304294487 
0.7988525040437025604 4.8654331128120684724 
0.8144779808954131228 4.8419681400742611288 
0.8437757499923703719 4.8234876263551642594 
0.8457289345988342477 4.8097410038555539202 
0.8459730826746422183 4.7972267365718526122 
0.8498794518875698589 4.7915041741538990649 
0.8613544114505448102 4.7803371887545678120 
0.8750267036957914968 4.7556181512018742552 
0.8755149998474074380 4.7549140562018301637 
0.8769798883022553726 4.7528029484543319327 
0.8833277382732627192 4.7448912506911398168 
0.8911404766991180004 4.7351378223386673127 
0.9062776573992126217 4.7148053068746991201 
0.9063081759086886180 4.7147620467288486878 
0.9082613605151524938 4.7073600300623423820 
0.9121677297280801344 4.7003153276936027183 
0.9199804681539354156 4.6960596562301484269 
0.9223914304025391253 4.6909748810584357415 
0.9375286111026337465 4.6657458294724589720 
0.9687795648060548714 4.6362819651989184422 
0.9688100833155308678 4.6237293766151710272 
0.9690542313913388384 4.6227259689581430280 
0.9756462294381542666 4.6208151134817523342 
0.9789117099520859844 4.6109109662124438955 
0.9789422284615619807 4.6108693521067793952 
0.9844355601672414302 4.6023994415209257269 
