0. 6.4477201953463278983 
0.00003051850947599719 6.4388555345222808768 
0.0002441480758079775 6.4223795894898350056 
0.0002746665852839747 6.4152101375682004658 
0.0012207403790398877 6.3798314924867423059 
0.0040284432508316294 6.2995525475882603317 
0.0041810357982116153 6.2910019714055502860 
0.0156254768517105624 6.1386336348046040001 
0.0198065126499221769 6.1051598531754285304 
0.0273445844904934843 6.0382345344344905413 
0.0313730277413251171 5.9969410952095252298 
0.0391857661671803983 5.9462234109236025148 
0.0626239814447462351 5.8216541158510777265 
0.0703451643421735273 5.7844431580580568664 
0.0859706411938840898 5.7140195433917311263 
0.0937528611102633747 5.6790475851576536215 
0.1015655995361186559 5.6481506382224013762 
0.1015961180455946522 5.6471555429074777876 
0.1250038148136844995 5.5490528646008145941 
0.1329386272774437661 5.5228295645050105023 
0.1528366954557939528 5.4633820976059590535 
0.1641895809808648909 5.4197396110553137660 
0.1876277962584307346 5.3462601724049143570 
0.1954405346842860158 5.3333192650775531618 
0.1964171269875179260 5.3303298248931065828 
0.1973937192907498361 5.3294393748430426427 
0.2500076296273689991 5.2053795557963784546 
0.2501297036652729844 5.1766665744201247890 
0.2520828882717368047 5.1739886270245438737 
0.2579424420911282656 5.1663300363239734736 
0.2677083651234473671 5.1366820721177282039 
0.2681966612750633083 5.1360218702357407494 
0.3125095370342112488 5.0382258349360196092 
0.3302102725302896169 4.9877846222636774698 
0.3437604907376323737 4.9835648938651244677 
0.3437910092471083701 4.9763040586327367265 
0.3447676015503403080 4.9633205407105940310 
0.3515732291634876550 4.9497244362009649166 
0.3750114444410534986 4.8992189870896263315 
0.4375133518478957484 4.8292927210349150258 
0.4376354258857997337 4.7667610041358265960 
0.4453260902737510296 4.7531396118350235369 
0.4474013489181188352 4.7482868542158183089 
0.5000152592547379982 4.6564206828048266828 
0.5079500717184972647 4.6409173087848873962 
0.5626392406994842332 4.5676847943419094378 
0.6015808587908566540 4.4849987019462318472 
0.6172063356425672165 4.4608970939442622594 
0.6259956663716543801 4.4582307401138745462 
0.6328318124942777789 4.4353692203294023955 
0.6329538865321817642 4.4279860757946822858 
0.6562700277718436226 4.4133347325164358210 
0.6640827661976989038 4.3860595995433859784 
0.6645710623493148450 4.3852984501025087383 
0.6876430555131687328 4.3601488614802619281 
0.6876735740226447291 4.3419214109327519679 
0.6881618701742606703 4.3411739581861388260 
0.7501449629200109825 4.2654368519837220219 
0.8750267036957914968 4.1377700537878352449 
0.8751487777336954821 4.0919880692432277769 
