0. 8.8055282623456054836 
0.0078737754448072756 8.5322945690497693505 
0.0102847376934110547 8.5008427914055904040 
0.0260322885830256041 8.3508630255339753035 
0.0625934629352702388 8.1312677360925551540 
0.0635700552385021489 8.1254753214557595697 
0.1250038148136844995 7.8056235218411584853 
0.1250648518326364922 7.8053666515442454710 
0.1252479628894924701 7.7386546323763534261 
0.1406292916653950620 7.7298894933280957176 
0.1406903286843470546 7.7296474841355431451 
0.1577196569719535035 7.6143487751979366251 
0.1875667592394787420 7.5419007114597169661 
0.5000152592547379982 6.6940590658446739170 
0.5312662129581591230 6.6295354846127994008 
0.5316324350718710789 6.6278510779790504870 
0.5322428052613910054 6.6239637478249564495 
0.5355388042847987196 6.6208629981758351235 
0.5468916898098696855 6.5979856253269906219 
0.6250190740684224977 6.4460667393897299604 
0.6292916653950620942 6.4385995311085126858 
0.6605426190984832191 6.3809066641781830853 
0.6875209814752647475 6.3283979834157388922 
0.6877651295510727181 6.3279616265891185378 
0.7812738425855281221 6.1699272001550395927 
0.8442640461439863131 6.1004233955012558965 
