0. 4.0562522423072984168 
0.00003051850947599719 4.0498307308520793413 
0.00006103701895199438 4.0402643672873619351 
0.0020752586443678091 4.0113295356753191356 
0.0039063692129276406 3.9369056712451016011 
0.0051271095919675283 3.9236418999682904918 
0.0056154057435834834 3.9196497268555603455 
0.0234382152775658437 3.8456043331989189227 
0.0234992522965178398 3.7563188674724603544 
0.0242011780144657726 3.7426307249344614725 
0.0312509537034211249 3.7232185227930920668 
0.0469374675740836800 3.6425095940137559580 
0.0473647267067476424 3.6357164280819782576 
0.0625019074068422498 3.5717081435602437978 
0.0625324259163182461 3.5576351842557247807 
0.0664387951292458867 3.5490755331850381005 
0.0703451643421735273 3.5330453863936015502 
0.0937528611102633747 3.4619075155139187316 
0.0938749351481673600 3.4486720579853198387 
0.0976897488326670116 3.4371828764577694315 
0.1015655995361186559 3.4366520326953180486 
0.1016876735740226412 3.4234753437672118537 
0.1093783379619739371 3.3941191695928516481 
0.1095004119998779224 3.3937473782869655992 
0.1250038148136844995 3.3441799116168171579 
0.1250343333231604959 3.3440929940295918143 
0.1251258888515884848 3.3438323048933109582 
0.1406292916653950620 3.3035823328639160046 
0.1562547685171056244 3.2594817934813091753 
0.1718802453688161869 3.2275992254107479518 
0.1719412823877681795 3.2264381391804564103 
0.1804559465315714040 3.2225813474437594586 
0.1875057222205267493 3.2083215858984917013 
0.1876277962584307346 3.2057137679531155783 
0.2031311990722373117 3.1564105197279102022 
0.2109439374980925930 3.1491248183014368678 
0.2117069002349925288 3.1336155143760495711 
0.2187566759239478742 3.1192722447492067239 
0.2188787499618518595 3.1183015714746238345 
0.2266914883877071407 3.1150121985882033293 
0.2271797845393231097 3.1139054087176063490 
0.2343821527756584366 3.0805735479661020548 
0.2363353373821222569 3.0803898721185989373 
0.2382885219885860773 3.0785580991612633284 
0.2429578539384136537 3.0671332342586086206 
0.2656941434980315542 3.0209067057834331216 
0.2812585833307901240 2.9899619970605040287 
0.2969450972014526791 2.9643211770986734876 
0.3164464247566148858 2.9347316440084285638 
0.3165074617755668784 2.9344955469951092830 
0.3437604907376323737 2.8789083432690345532 
0.3515732291634876550 2.8671562817131901468 
0.3593859675893429362 2.8492856724532185098 
0.3595080416272469215 2.8490806203657794704 
0.3603930784020508704 2.8475950326846484195 
0.3750114444410534986 2.8304895037460817697 
0.3906369212927640611 2.7978130092445980814 
0.4062623981444746235 2.7802739802401963409 
0.4063234351634266162 2.7723388878029346927 
0.4218878749961851859 2.7479819572807877570 
0.4228644672994171239 2.7465786403455951792 
0.4257942442091128266 2.7445308701512485250 
0.4258247627185888229 2.7427841085111310804 
0.4531388286996063108 2.7070003340508543843 
0.4687643055513168733 2.6780295681870280866 
0.4688863795892208586 2.6769739080858832025 
0.4697714163640248075 2.6756391510762131958 
0.4843897824030274357 2.6545364576266003986 
0.4929654835657826251 2.6497407169623814482 
0.5000152592547379982 2.6338339477760328577 
0.5312662129581591230 2.5903279673866705934 
0.5469527268288216781 2.5832032820408454832 
0.5625171666615802479 2.5615197363890009896 
0.5664540543839838849 2.5611412305603908912 
0.5703299050874355291 2.5512936960293721711 
0.5800958281197546862 2.5382953343613028352 
0.5937681203650013728 2.5055242786467837313 
0.6093935972167119353 2.5008865694293858084 
0.6250190740684224977 2.4662719216367876562 
0.6328318124942777789 2.4563478732837356055 
0.6718955046235541850 2.4065859415430770340 
0.6719565416425061777 2.4049861577367090959 
0.6724448377941221189 2.4045037250518657146 
0.7187719351786858724 2.3495504344223374638 
0.7192602313303018136 2.3492352888525789289 
0.7226783043916135130 2.3453293299682043127 
0.7343974120303964348 2.3333749007940247644 
0.7363505966368603106 2.3289425030160981755 
0.7364116336558123033 2.3288708659240886512 
0.7539597766045106342 2.3177014186060453937 
0.7656483657338175597 2.2945968384671564522 
0.7657094027527695523 2.2943793204943543351 
0.7812738425855281221 2.2799024272123005197 
0.7968993194372386846 2.2599048850861866988 
0.7969603564561906772 2.2590336589111319476 
0.7978759117404705670 2.2588033015590585073 
0.8008667256691183178 2.2546320908711581232 
0.8047730948820459584 2.2538340496176139105 
0.8437757499923703719 2.2063983098417256912 
0.8442640461439863131 2.2060397813418677337 
0.8594622638630329270 2.1922587278450547110 
0.8603778191473128167 2.1901873273778829088 
0.8604083376567888131 2.1882464747588197262 
0.8750267036957914968 2.1734733320273731394 
0.8906521805475020592 2.1559088056474644546 
0.9142124698629718882 2.1301456596524017684 
0.9219031342509231841 2.1220633974874147931 
0.9687795648060548714 2.0770605294474790980 
0.9688406018250068641 2.0769980512701509134 
0.9707327494125187473 2.0756493000118410031 
0.9844050416577654339 2.0589414619346304569 
0.9853816339609973163 2.0570132715279858537 
0.9931943723868525975 2.0546571369975734633 
