0. 6.3769519294188281577 
0.00003051850947599719 6.3645379173029636988 
0.0001525925473799860 6.3509250124835476825 
0.0002746665852839747 6.3459509937331075591 
0.0003967406231879635 6.3331119468541814399 
0.0009765923032319101 6.2766217606640699600 
0.0019531846064638203 6.2559829069415187064 
0.0039063692129276406 6.2191205995460769884 
0.0078127384258552812 6.1618521228462750372 
0.0126956999420148320 6.1070671002935119631 
0.0131839960936307871 6.1016405448549937418 
0.0242011780144657726 6.0416744390398138265 
0.0313730277413251171 5.9399181136749827914 
0.0334482863856929227 5.8989015283692305402 
0.0361339152195806757 5.8891466220539498977 
0.0361949522385326683 5.8876079375619596590 
0.0439466536454359569 5.8515476052781325578 
0.0439771721549119532 5.8513637640596458667 
0.0518204290902432307 5.8082319034202498642 
0.0625019074068422498 5.7249285332772048562 
0.0629902035584582049 5.7247880095357412955 
0.0757469405194250295 5.6796660632017417214 
0.0860621967223120787 5.6375805647304728652 
0.0937528611102633747 5.5834990037604184110 
0.0957060457167271950 5.5748086418483664417 
0.0966826380199591051 5.5722216703656144432 
0.0976592303231910153 5.5684872337367457007 
0.1250038148136844995 5.4631872445450122555 
0.1289407025360881365 5.4530910272774688607 
0.1328165532395397808 5.4364408115406330779 
0.1562547685171056244 5.3851875630494268066 
0.1601611377300332650 5.3500240979356616933 
0.1601916562395092614 5.3499882528489424160 
0.1602526932584612540 5.3488619240745380878 
0.1606799523911252303 5.3473063893350101239 
0.1680043946653645426 5.3256686221985036767 
0.1875057222205267493 5.2844068552885756773 
0.1876277962584307346 5.2826914526268309302 
0.1876583147679067309 5.2635307095282950485 
0.1972716452528458508 5.2408757016579672339 
0.2187566759239478742 5.1793723986395105996 
0.2226630451368755148 5.1688884785031223856 
0.2246162297433393351 5.1630138921544617148 
0.2500076296273689991 5.1234022899323310440 
0.2501602221747489807 5.0947691024762864487 
0.2812585833307901240 5.0450017850838628775 
0.2812891018402661203 5.0442991250440840645 
0.2813806573686941093 5.0197164075485067869 
0.3125095370342112488 4.9458428770198112900 
0.3125400555436872452 4.9457740668545753238 
0.3126316110721152341 4.9454367244989514418 
0.3136082033753471721 4.9429751069370668759 
0.3222754600665303504 4.9268674773767404673 
0.3437604907376323737 4.8773184732547614217 
0.3447981200598163043 4.8755375827690858870 
0.3457136753440961940 4.8731253086957639908 
0.3593859675893429362 4.8512655377764017928 
0.3750114444410534986 4.8129453121030545404 
0.3759880367442854365 4.8102319033441238716 
0.3760490737632374292 4.8101064288603136987 
0.3816339609973448677 4.8000179411784218431 
0.3894466994232001489 4.7920993146967143517 
0.4033326212347789208 4.7575778644504262971 
0.4073000274666585541 4.7495918091128483951 
0.4089785454878383519 4.7442217458805888697 
0.4123966185491500513 4.7380692333025535845 
0.4127018036439100146 4.7374130795440851926 
0.4128849147007659925 4.7366682929662724533 
0.4189580980864894832 4.7271230322709900662 
0.4375133518478957484 4.7045479907205862702 
0.4376354258857997337 4.7031064033379328393 
0.4726706747642445139 4.6225766319588945663 
0.5000152592547379982 4.5910146459072924685 
0.5001373332926419835 4.5740674315351625978 
0.5156407361064485606 4.5644659148761013157 
0.5313272499771111157 4.5342260437953969543 
0.5332193975646229989 4.5329577701875800599 
0.5400860621967222830 4.5158520028127391299 
0.5405743583483382242 4.5099816159553194339 
0.5625171666615802479 4.4852207331187994299 
0.5626087221900082369 4.4663571002647035613 
0.5630054628131961891 4.4646875900712021945 
0.5669423505355998261 4.4615925758764163334 
0.5691396832178716725 4.4579161671912377329 
0.5722830896938994050 4.4536006600822188872 
0.5937681203650013728 4.4188919963025776738 
0.5938596758934293618 4.4122257503155717373 
0.6030457472457044776 4.3999993049236305609 
0.6094241157261879316 4.3913580971698173982 
0.6094851527451399242 4.3884523279963643105 
0.6250190740684224977 4.3618572015405110420 
0.6485793633838923267 4.3279830427590715303 
0.6562700277718436226 4.3123251321088895693 
0.6582232123783074984 4.3108948826825574940 
0.6601763969847712632 4.3068740759543269192 
0.6675313577684865995 4.3036400301553383585 
0.6875209814752647475 4.2849290266849404674 
0.6876735740226447291 4.2828503757443661115 
0.6898709067049165755 4.2683258636432981348 
0.6953337199011200287 4.2602982958132269431 
0.7002166814172795517 4.2484294337996475477 
0.7109591967528305911 4.2316374604331032927 
0.7110812707907345764 4.2307872179619163688 
0.7265846736045411536 4.2294261718287513574 
0.7500228888821069972 4.1828754789290485405 
0.7502670369579149678 4.1765432213008599760 
0.7512436292611468502 4.1760771443363440269 
0.7656483657338175597 4.1603547960389279936 
0.7658925138096255303 4.1541006685236130380 
0.7812738425855281221 4.1536683042287876333 
0.7813348796044801148 4.1515154654995596317 
0.7813959166234321074 4.1304148433520184724 
0.7823725089266639898 4.1298048735425219036 
0.7853022858363597480 4.1249710198452804732 
0.7853328043458357444 4.1249275956758006956 
0.7970213934751426699 4.1125711110438185614 
0.7970824304940946625 4.1093083523354723141 
0.8125247962889492470 4.0911337492900994306 
0.8126468703268532323 4.0878854447059236321 
0.8136234626300851147 4.0874199477626564914 
0.8174687948240607627 4.0762487723907412374 
0.8203375347148045282 4.0718366319165131273 
0.8222907193212684040 4.0688114561013888348 
0.8261970885341960447 4.0656816929191581522 
0.8379161961729789665 4.0475562721118798493 
0.8437757499923703719 4.0447085090635930271 
0.8442640461439863131 4.0437973497078818497 
0.8516190069277016494 4.0437787353141558810 
0.8599810785241248645 4.0187590552047591785 
0.8750267036957914968 3.9976750517412713570 
0.8751182592242194858 3.9972452187835201265 
0.8829309976500747670 3.9869276115209544287 
0.8877224036378063010 3.9821717785481718366 
0.8877834406567582937 3.9815578555224049317 
0.8955351420636615822 3.9744186721750249802 
0.9023712881862849811 3.9636197227256841913 
0.9033478804895168635 3.9608233793099656417 
0.9101840266121402623 3.9554135735305924193 
0.9375286111026337465 3.9229947993797753547 
0.9453413495284890278 3.9099157803968642710 
0.9463179418317209102 3.9039615004404195631 
0.9472945341349529036 3.9013231239305388165 
0.9502853480636005434 3.8993535854249889994 
0.9687795648060548714 3.8793717354842542910 
0.9765923032319101527 3.8775520788419242102 
0.9766228217413861490 3.8637498947156809770 
