0. 9.7691116617634872199 
0.00003051850947599719 9.7609779879320814899 
0.00006103701895199438 9.7454814615937692679 
0.0002441480758079775 9.7346342365172695565 
0.0003051850947599719 9.7310097246027513762 
0.0004882961516159551 9.6992043062522235175 
0.0039063692129276406 9.6115768297886230442 
0.0039674062318796350 9.5962302713968679058 
0.0043946653645435957 9.5753677491062294536 
0.0058595538193914609 9.5441345426472405933 
0.0078127384258552812 9.4920129225165652542 
0.0083010345774712363 9.4822461888940878794 
0.0097659230323191015 9.4663955719591150739 
0.0122074037903988769 9.4479086763654009928 
0.0141605883968626972 9.4132675579440991953 
0.0142216254158146916 9.4093798231290968204 
0.0161137730033265175 9.3715268062666474691 
0.0200201422162541581 9.3318675235411419067 
0.0214850306711020234 9.3159693476338834017 
0.0235602893154698324 9.3036548495930393443 
0.0253913998840296640 9.2731782174254107076 
0.0312509537034211249 9.2105871060042616705 
0.0317392498550370800 9.2042521961421730481 
0.0371105075228125858 9.1673228073530168558 
0.0468764305551316873 9.1639741666384395557 
0.0625019074068422498 8.9879657060992776962 
0.0627460554826502343 8.9830908105782345530 
0.0644550920133060701 8.9652281207695203591 
0.0666524246955778749 8.9644185923998929155 
0.0722678304391613513 8.9209725964414694488 
0.0766624958037049470 8.9079450818021133074 
0.0766930143131809433 8.9040596281124013700 
0.0937833796197393710 8.8039345474464099084 
0.0976592303231910153 8.7834545985225336295 
0.1064485610522782066 8.7610155016024666708 
0.1079134495071260719 8.7426743513346476533 
0.1132847071749015777 8.7155081528289990445 
0.1250038148136844995 8.6761091450840179817 
0.1328165532395397808 8.6403744831044182462 
0.1347697378460036011 8.6275795412600864154 
0.1391644032105472106 8.6007388824307433595 
0.1402020325327311134 8.5902326040077561231 
0.1464888454847865229 8.5640096856749110543 
0.1470992156743064771 8.5617048808757463263 
0.1528366954557939528 8.5563429141567297620 
0.1547898800622577731 8.5296789686632905614 
0.1660206915494247259 8.5011358216535999333 
0.1875057222205267493 8.4072112352061711959 
0.1953184606463820305 8.3783737633234860453 
0.2031311990722373117 8.3635153160493054258 
0.2109439374980925930 8.3264239509738828815 
0.2110049745170445856 8.3249428186980605204 
0.2153386028626362025 8.3089945480081386364 
0.2172917874691000228 8.3019656955130241016 
0.2500076296273689991 8.1970302118526827684 
0.2583086642048402215 8.1790651894414256873 
0.2597735526596881006 8.1668147272916673529 
0.2753990295113986631 8.1215238825850732951 
0.2797936948759422449 8.1061429323335758568 
0.2815027314065980946 8.1021819202764149281 
0.3125095370342112488 8.0143231765376512499 
0.3144627216406750692 8.0070346378901078310 
0.3149510177922910104 8.0050197066919839273 
0.3222754600665303504 7.9862988219683082036 
0.3232520523697622883 7.9858876320465466136 
0.3261818292794579910 7.9793268069483778149 
0.3281350138859218113 7.9709026396581919016 
0.3379009369182409128 7.9623159138019845571 
0.3422956022827844946 7.9310565608457777031 
0.3437604907376323737 7.9269717338422589492 
0.3535264137699514753 7.9007601473417592430 
0.3750114444410534986 7.8461424919995579330 
0.3828241828669087798 7.8262070855609255915 
0.3891720328379161820 7.8175069676610497993 
0.4047975096896267444 7.7720963983383413165 
0.4160283211767937250 7.7440741251868212558 
0.4361705374309518546 7.7226693061310349719 
0.4375133518478957484 7.7146432205034498608 
0.4394665364543595687 7.7100887913390563355 
0.4438612018189031505 7.6979890712693812560 
0.4472792748802148499 7.6958058617823379421 
0.4497207556382946114 7.6724315815180492706 
0.4516739402447584317 7.6667752978062297942 
0.4594866786706137129 7.6433867794926442230 
0.4668111209448530530 7.6265740085287019312 
0.4672994170964689942 7.6254578629619098606 
0.4726706747642445139 7.6195070916681189033 
0.4980620746482741779 7.5540811098656730493 
0.4985503707998901191 7.5540445819799888483 
0.4986724448377941044 7.5538688946702103877 
0.5302896206549272406 7.4847392576897542327 
0.5312662129581591230 7.4817131742845317532 
0.5315103610339670936 7.4807134199914360195 
0.5332193975646229989 7.4777696734885408247 
0.5449385052034059207 7.4620250280577655744 
0.5625171666615802479 7.4346051883971586704 
0.5625782036805322406 7.4344779389262187763 
0.5627613147373882185 7.4219872377686373355 
0.5766777550584429868 7.4008031221154375601 
0.5937681203650013728 7.3839016658484375455 
0.5976744895779290134 7.3508684329429154758 
0.6035340433973205299 7.3395006403701881226 
0.6074404126102481705 7.3326517552625167795 
0.6093935972167119353 7.3200317183256995435 
0.6132999664296395759 7.3196472808846388958 
0.6250190740684224977 7.2899799980268200628 
0.6255073702200384389 7.2890154083927383155 
0.6255378887295144352 7.2889551340436762317 
0.6328318124942777789 7.2819714960028703032 
0.6347849971007416547 7.2709299281699806272 
0.6401562547685171189 7.2649282388839422353 
0.6411328470717490013 7.2585155001271752795 
0.6489455854976042826 7.2431498464898460554 
0.6538285470137638056 7.2338696654709400136 
0.6557817316202276814 7.2297719455397126964 
0.6560258796960356520 7.2285114709077413764 
0.6875209814752647475 7.1758569050719271942 
0.6877651295510727181 7.1697794776855632293 
0.7016815698721274863 7.1436975830472997373 
0.7114474929044465323 7.1269229700697529495 
0.7226783043916135130 7.1035019789373246013 
0.7304910428174687942 7.0898766168333491322 
0.7500228888821069972 7.0620148665637989538 
0.7583239234595782197 7.0409132520758586082 
0.7597888119144261543 7.0359216848176924230 
0.7599108859523301396 7.0355345936819757568 
0.7661366618854335009 7.0283762723267662054 
0.7812738425855281221 6.9974585337965757859 
0.7910397656178472792 6.9887883767713541161 
0.7949461348307749198 6.9819330980842231327 
0.8125247962889492470 6.9496567428531799138 
0.8127689443647572176 6.9489604168599612421 
0.8164311655018768876 6.9431377846986981339 
0.8222907193212684040 6.9400935872953910533 
0.8281502731406598095 6.9178284039744468714 
0.8437757499923703719 6.8892895870012456072 
0.8574480422376171695 6.8663010667014603428 
0.8691671498764000914 6.8539284442949810483 
0.8750267036957914968 6.8362776371000100184 
0.8833277382732627192 6.8223594055039091799 
0.9043244727927488569 6.7965025526343003648 
0.9145786919766838441 6.7815639294780556412 
0.9179967650379955435 6.7738484079052314613 
0.9199499496444594193 6.7697436478511292535 
0.9376506851405377318 6.7636476400849661061 
0.9453413495284890278 6.7309884484560837947 
0.9472945341349529036 6.7247219127281478990 
0.9512009033478805442 6.7204106963619381077 
0.9516891994994964854 6.7186689012824984957 
0.9673146763512070478 6.7009821754706351271 
0.9687795648060548714 6.6920206271005335807 
0.9785454878383740285 6.6756387065173088402 
0.9786065248573260211 6.6753776069767738477 
0.9824518570513016691 6.6693262514078091030 
0.9985656300546281727 6.6381476318976746498 
