0. 6.9017687596362318203 
0.0009765923032319101 6.8900951474258143037 
0.0039063692129276406 6.8195570741411577487 
0.0117191076387829218 6.6908841381452761610 
0.0156254768517105624 6.5935527383262018120 
0.0158696249275185400 6.5909932706888820775 
0.0312509537034211249 6.5014657213864825991 
0.0351573229163487655 6.4225756719411473128 
0.0471205786309396649 6.3975336970673275516 
0.0625019074068422498 6.2784962822754799561 
0.0664082766197698904 6.2489639552277491674 
0.1250038148136844995 6.1720799820895004828 
0.1259804071169164097 6.0549067360366226609 
0.1357463301492355112 6.0006948063157361517 
0.1408734397412030326 5.9321750080877837519 
0.1562547685171056244 5.8867956837497832367 
0.1721243934446241575 5.8742379010493888103 
0.1757866145817438275 5.8417392602868360996 
0.1875057222205267493 5.7959534195350208563 
0.1953184606463820305 5.7763053012175848977 
0.2031311990722373117 5.7532473030133886027 
0.2539139988402966397 5.7318354001566556022 
0.2597735526596881006 5.6873102411040408199 
0.2607501449629200385 5.6349423313648907552 
0.3125095370342112488 5.4516136413217832768 
0.3752555925168614692 5.3230407879270087434 
0.4221320230719931565 5.2252361025996458821 
0.4453260902737510296 5.1788547417377097659 
0.5002594073305459688 5.0380801730650013326 
0.5486007263405254797 5.0077777509576089088 
0.6252632221442304683 4.8189600927492310944 
0.6875209814752647475 4.7771999537657992008 
0.6877651295510727181 4.7329601084605066319 
0.6878872035889767034 4.7174591001332544238 
0.7519760734885708731 4.7046066431346007519 
0.7539292580950346378 4.6379512105626732321 
0.7617419965208899191 4.6369314552398339657 
0.7619861445966978897 4.6365631392706143643 
0.7986083559678944788 4.5736899825622261417 
0.8789330729087191374 4.4582527983887336731 
0.9375286111026337465 4.3626972105438674987 
