0. 8.5227027287769878683 
0.00006103701895199438 8.5155743632510603192 
0.0002441480758079775 8.4922892100603295518 
0.0013428144169438765 8.4721343564652951130 
0.0039063692129276406 8.3430237551592885126 
0.0039979247413556322 8.3425560348121976517 
0.0042420728171636097 8.3377796887411150806 
0.0042725913266396069 8.3304797409940007924 
0.0048829615161595508 8.3178797720780508484 
0.0051271095919675283 8.3140535849164347582 
0.0052491836298715171 8.3103684346542650019 
0.0072023682363353374 8.2920239443938523749 
0.0126956999420148320 8.2333443886766009001 
0.0130924405652027963 8.2254502574954688754 
0.0238044373912778100 8.1812706913313295587 
0.0245368816187017426 8.0802400246675940565 
0.0351573229163487655 7.9795816960661216655 
0.0510269478438673055 7.8779520722982132597 
0.0625019074068422498 7.7934613486421611128 
0.0714133121738334264 7.7857014914647661996 
0.0751976073488570818 7.7270296885985079172 
0.0937528611102633747 7.6504193334422527783 
0.0976592303231910153 7.6094581847130706720 
0.1250038148136844995 7.4963056233282108209 
0.1259804071169164097 7.4836300876801740145 
0.1260414441358684023 7.4833791477761373301 
0.1289101840266121402 7.4802963014346826043 
0.1295205542161320944 7.4706794114399315276 
0.1344035157322916452 7.4695010562303636448 
0.1490524002807702975 7.4345089398117369939 
0.1500289925840022076 7.4104158666591688487 
0.1601611377300332650 7.3731855638559640198 
0.1606799523911252303 7.3716660372556006564 
0.1760917996765037907 7.3180077947003123739 
0.1780449842829676110 7.3058797148598122462 
0.1884823145237586595 7.2698522706264876447 
0.1969054231391338949 7.2478427317413096631 
0.2041077913754692219 7.2352637816734999276 
0.2042909024323251999 7.2016446816950212550 
0.2187566759239478742 7.1603522476447878375 
0.2188177129428998669 7.1601617339025294129 
0.2500076296273689991 7.0613894426152592487 
0.2519608142338328194 7.0593862272199690011 
0.2578203680532242803 7.0557096190506580768 
0.2623371074556718474 7.0265415352469240418 
0.2812585833307901240 7.0233607633483936539 
0.2813196203497421166 6.9758011058024731454 
0.2851649525437177646 6.9653058737833859482 
0.2861415448469497025 6.9608097839748435121 
0.2932828760643330090 6.9428162176220418189 
0.2934049501022369943 6.9426578784040353653 
0.2935880611590929723 6.9409396998767061149 
0.2939542832728049837 6.9391744935238728331 
0.2940153202917569764 6.9390101814966493876 
0.2941984313486129543 6.9370107028772940438 
0.3098239082003235168 6.8955101132970542110 
0.3125095370342112488 6.8908287197941024971 
0.3173924985503708274 6.8769084644384887994 
0.3212988677632984680 6.8675574813104249827 
0.3252052369762261086 6.8567904757861661835 
0.3256935331278420498 6.8555411679857005680 
0.3437604907376323737 6.8375820619509699583 
0.3438215277565843664 6.8111893693136327244 
0.3476668599505600143 6.8096460798085045596 
0.3516342661824396476 6.7921727043741517704 
0.3521835993530075815 6.7918938560421322492 
0.3560899685659352221 6.7812387439648684762 
0.3750114444410534986 6.7327394320445375087 
0.3789178136539811392 6.7234536048738471337 
0.3906369212927640611 6.6964057632412670173 
0.4062623981444746235 6.6801878392962361630 
0.4063234351634266162 6.6704118860657306556 
0.4121219519638660844 6.6501023918711998917 
0.4189580980864894832 6.6407219445856950912 
0.4375133518478957484 6.5895179882858645470 
0.4414197210608233890 6.5822228228442298814 
0.4687643055513168733 6.5280070767551690025 
0.4687948240607928696 6.5268081183627639774 
0.4688863795892208586 6.5266196549571642294 
0.4765770439771721545 6.5101163364258951560 
0.5000152592547379982 6.4573973244672044913 
0.5001373332926419835 6.4572529939959739664 
0.5002594073305459688 6.4570010605346315202 
0.5168614764854884136 6.4437709918117462848 
0.5169835505233923989 6.4436441930097059227 
0.5247962889492476801 6.4065564591501980018 
0.5435041352580339824 6.3710669547175742267 
0.5437482833338419530 6.3704126453964269316 
0.5530564287240211652 6.3647873120575013672 
0.5625171666615802479 6.3346564602707884362 
0.5630054628131961891 6.3333134732670748335 
0.5781426435132908104 6.3044511518361447955 
0.5942564165166173140 6.2713689138422665792 
0.6100039674062318618 6.2425969247455430633 
0.6250190740684224977 6.2153003334950325254 
0.6294137394329660795 6.2143130639011845417 
0.6295358134708700648 6.2062828665487836943 
0.6606646931363872044 6.1525022158754936186 
0.6606952116458632007 6.1523206340360792055 
0.6607867671742911897 6.1493388928813610406 
0.6684774315622424856 6.1383837901076478971 
0.6685079500717184819 6.1361126915729178322 
0.6780602435377056647 6.1317138392148047288 
0.6858729819635609459 6.1243663906031517996 
0.6920377208777123146 6.0967832049747334722 
0.6922818689535202852 6.0963547669392195161 
0.7076631977294228770 6.0706132667711782958 
0.7500228888821069972 5.9947746451828161085 
0.7501449629200109825 5.9944717612246209981 
0.7578356273079622785 5.9852685738693063300 
0.7658009582811975413 5.9692783854094813023 
0.7738273262733847968 5.9548684916073684192 
0.7813348796044801148 5.9421763519935826281 
0.7815790276802880854 5.9417732088586125982 
0.7818842127750480486 5.9405752502046915708 
0.7939695425275429264 5.9368366955761668890 
0.8437757499923703719 5.8677592836386489594 
0.8438367870113223645 5.8397698765007195476 
0.8789330729087191374 5.7862907743721079257 
0.8906521805475020592 5.7660055882220033752 
0.9414349803155613872 5.6916135166515271493 
0.9623096407971434285 5.6858825334924123496 
0.9687795648060548714 5.6762531722925855249 
0.9688406018250068641 5.6492272169540465043 
0.9688711203344828604 5.6491819591064791339 
0.9689626758629108494 5.6490461898403472318 
0.9690847499008148347 5.6488651741295710096 
0.9746391186254463879 5.6442644102669712325 
0.9810174871059297308 5.6312255803974515800 
