0. 7.9706055621598004279 
0.0000915555284279916 7.9662497058136825245 
0.0001220740379039888 7.9516740829674787960 
0.0002441480758079775 7.9321372121268174382 
0.0019531846064638203 7.8876654963634917905 
0.0040589617603076266 7.8639887705998701151 
0.0041505172887356181 7.7958622840683071686 
0.0080874050111392568 7.7839867814553720393 
0.0117191076387829218 7.6671843694777130906 
0.0195318460646382031 7.6189655654800780837 
0.0196844386120181881 7.6123960331336180118 
0.0216376232184820084 7.5981832785207963354 
0.0236823633533738212 7.5864250917318551970 
0.0273445844904934843 7.5055459025335364842 
0.0312509537034211249 7.4728408175359790633 
0.0390636921292764061 7.4107852648360816872 
0.0410779137546922191 7.3997290113528295663 
0.0625019074068422498 7.2592269835935061550 
0.0644550920133060701 7.2565403955741549780 
0.0646382030701620480 7.2555228113159797587 
0.0666524246955778749 7.2444231247579402577 
0.1015655995361186559 7.0661287690216703083 
0.1054719687490462965 7.0502284234809140528 
0.1250038148136844995 6.9811622541434985578 
0.1367229224524674214 6.9277502481846795490 
0.1523483993041779838 6.8757680799349136791 
0.1601611377300332650 6.8506592895987505898 
0.1643421735282448726 6.8387300109801261172 
0.1679738761558885463 6.8261424289437320212 
0.1835993530075991087 6.7998116430995532156 
0.1875057222205267493 6.7584503616478306398 
0.1885738700521866484 6.7421169345585179045 
0.2190313425092318411 6.6907581515378531378 
0.2265694143498031554 6.6373004044176955318 
0.2344737083040864256 6.6061098696811511033 
0.2500076296273689991 6.5590082396440845258 
0.2539139988402966397 6.5574608975072630201 
0.2695394756920072021 6.5213856177182263352 
0.2812585833307901240 6.5007779743475575529 
0.2893459883419293721 6.4800440706735331631 
0.3007904293954283270 6.4150815654412900457 
0.3010345774712362976 6.4144536036856880656 
0.3087252418591875935 6.4106241026371018066 
0.3146458326975310471 6.4062750229797034152 
0.3458967864009521720 6.3271114781105302072 
0.3518173772392956256 6.3174522470521417006 
0.3527024140140995745 6.3151095657030262842 
0.3594775231177709252 6.2863017632193747275 
0.3614307077242347455 6.2818528177908712351 
0.3750114444410534986 6.2471619599759931063 
0.3867305520798364204 6.2282631097543479370 
0.3984496597186193423 6.2097778653934989634 
0.4023560289315469829 6.1722450230751322309 
0.4043092135380108032 6.1681938227037553801 
0.4221625415814691529 6.1572275981143409496 
0.4257942442091128266 6.1495516789148734205 
0.4259468367564928082 6.1492211102660769839 
0.4336069826349681078 6.1226593442864176708 
0.4375133518478957484 6.1165077052419594139 
0.4414197210608233890 6.1081816802053445770 
0.4416638691366313596 6.1054535872226018967 
0.4555803094576860723 6.1018044814998280145 
0.4572893459883419220 6.0849786689228944070 
0.4729148228400524845 6.0401571746530899887 
0.4766075624866481508 6.0401032494393289696 
0.4768211920529801251 6.0338371714000285095 
0.4768517105624561214 6.0337747276346718195 
0.4843897824030274357 6.0162230822821065601 
0.5000152592547379982 5.9797553855671568002 
0.5005035554063539394 5.9787804573405081143 
0.5009918515579698806 5.9780420705049754915 
0.5180822168645283776 5.9753866010594780533 
0.5273598437452314824 5.9586882236554679082 
0.5274208807641834751 5.9585692538705732346 
0.5278481398968474236 5.9524881996992125011 
0.5279091769157994163 5.9134785760584778202 
0.5586107974486526073 5.8960174897367547686 
0.5587328714865565926 5.8844421791570926672 
0.5666676839503158591 5.8810345113419471019 
0.5666982024597918555 5.8784320683897526294 
0.5686819055757317276 5.8773432381425552151 
0.5722830896938994050 5.8595937239004776131 
0.5792107913449506817 5.8208371725447412004 
0.5979186376537369840 5.8073787718278273573 
0.6015808587908566540 5.7797415728863876794 
0.6018555253761406210 5.7754867889379495338 
0.6251716666158024793 5.7343657399699319299 
0.6271248512222663551 5.7332738991416665186 
0.6407971434675130418 5.7197517839879843393 
0.6523636585589159820 5.7076093074611939926 
0.6573992126224554866 5.7042500343579192190 
0.6603289895321512448 5.7000430567107214230 
0.6613055818353831272 5.6907540780440131201 
0.6691183202612384084 5.6847989078506682148 
0.6718955046235541850 5.6773934628473607944 
0.6836146122623371069 5.6496787568592488071 
0.6876735740226447291 5.6276186499227405235 
0.7190466017639698393 5.5726751939232403998 
0.7266151921140171499 5.5651202061697757628 
0.7268593401898251205 5.5572086006287868543 
0.7500228888821069972 5.5459354431541036945 
0.7511520737327188613 5.5339961025920301196 
0.7578356273079622785 5.5260255830586455517 
0.7656483657338175597 5.5249247625653596927 
0.7695547349467452003 5.5116361182808821795 
0.7773674733726004815 5.5016971640568055335 
0.7929929502243110440 5.4766795472502911579 
0.8008056886501663252 5.4538099292096422488 
0.8087405011139255917 5.4397809787327853215 
0.8146610919522691008 5.4328362389382052200 
0.8282113101596118021 5.3965550173609484474 
0.8292184209723196808 5.3949938973107123274 
0.8297067171239356220 5.3942373318730023612 
0.8398693807794427313 5.3785415469208572858 
0.8537858211004974995 5.3745476832084939645 
0.8554948576311532937 5.3558240945259862897 
0.8594927823725089233 5.3460398085887881336 
0.8799096652119510198 5.3118213641733813546 
0.8906521805475020592 5.2993284385933003833 
0.8907437360759300482 5.2991915680519445786 
0.8994415112765892228 5.2862207875227644749 
0.9023712881862849811 5.2830090452826459213 
0.9297158726767784653 5.2658458417919584704 
0.9336222418897061059 5.2601119479421756253 
0.9414349803155613872 5.2365833969526605074 
0.9492477187414166684 5.2222904750623238002 
0.9688711203344828604 5.2049503533880425721 
0.9768669698171941196 5.1748645548954605999 
0.9804986724448377933 5.1724439517352376328 
