0. 3.8760047768693386416 
0.00006103701895199438 3.8514357897326036983 
0.0002441480758079775 3.8239851869292493802 
0.0024414807580797754 3.7779119894688935055 
0.0024719992675557726 3.7632201356861241237 
0.0039063692129276406 3.7491587472304463979 
0.0040284432508316294 3.7011000679759948895 
0.0078127384258552812 3.6759599540594245504 
0.0117191076387829218 3.6338208675685597093 
0.0166631061738944687 3.5875264609623713774 
0.0195318460646382031 3.5680036180495569020 
0.0196539201025421918 3.5659976254543996887 
0.0205084383678701132 3.5507270549320075759 
0.0209967345194860683 3.5474097732971623387 
0.0273445844904934843 3.5085699701794963445 
0.0317392498550370800 3.4942665411590438929 
0.0351573229163487655 3.4613716001278502787 
0.0625629444257942424 3.3680102915383565154 
0.0635395367290261526 3.3487006796222544835 
0.0664082766197698904 3.3327552283887693640 
0.0820337534714804528 3.2577255871022470224 
0.0942411572618793297 3.2547576935648860896 
0.0976592303231910153 3.2249837195396029443 
0.1484420300912503432 3.0598351208832683667 
0.2187566759239478742 2.9076327104719945638 
0.2534867397076326911 2.8318053995114240706 
0.2890713217566454052 2.7957101685924823364 
0.3125095370342112488 2.7431982101314864586 
0.3203222754600665301 2.7295922365663245479 
0.3775139622180852528 2.6187793346420482621 
0.3784905545213171907 2.6172271455279640939 
0.4375133518478957484 2.5418119636962117624 
0.4712057863093966348 2.5013002888557340775 
0.4804834131900997951 2.4669435205422782786 
0.5039216284676656388 2.4359048208532287916 
0.5078279976805932794 2.4236567900385610486 
0.5317545091097750642 2.3982166441177490412 
0.5323648792992949907 2.3969061936297939575 
0.5625782036805322406 2.3694295414262454003 
0.5664235358745078885 2.3459037449978166201 
0.6875209814752647475 2.1938353455358012845 
0.7500228888821069972 2.1228277586956130207 
0.7812738425855281221 2.0868362890968130685 
0.8125247962889492470 2.0740388535470697384 
0.8125858333079012397 2.0539310294102306464 
0.8160039063692129391 2.0493074725969138150 
0.8442640461439863131 2.0205170490029114028 
0.9375286111026337465 1.9247762507023298273 
0.9687795648060548714 1.9090505898708765020 
0.9692678609576708126 1.8928838728263268631 
