0. 5.5266434421184618131 
0.00003051850947599719 5.5136563361953259132 
0.0002746665852839747 5.5087930178303965434 
0.0003357036042359691 5.4851676826423636513 
0.0022278511917477950 5.4358447779572056646 
0.0032349620044557024 5.4072016285647190870 
0.0039063692129276406 5.3812936404517266453 
0.0039368877224036378 5.3807207195686075352 
0.0061342204046754356 5.3533787476351024637 
0.0071413312173833430 5.3305819815925659100 
0.0156254768517105624 5.2388779934192939436 
0.0159001434369945363 5.2282974560677422104 
0.0198065126499221769 5.1938870351673687153 
0.0312509537034211249 5.1118907580713504046 
0.0315561387981810951 5.1097245941699336313 
0.0317392498550370800 5.1086563124184776186 
0.0351573229163487655 5.1081207769299883381 
0.0351878414258247618 5.1018509432604286502 
0.0390636921292764061 5.0622538454378647188 
0.0393078402050843836 5.0613836172600414898 
0.0433057649464400132 5.0368704312536074497 
0.0471510971404156612 5.0156133205411359555 
0.0507827997680593279 5.0116512088913385270 
0.0550859096041749347 4.9743320259388523752 
0.0625019074068422498 4.9402158995861737978 
0.0627765739921262306 4.9389257573649274491 
0.0628376110110782232 4.9388562032260256984 
0.0781273842585528122 4.8752679346123164450 
0.0784020508438367930 4.8667426432432492334 
0.0803552354503006133 4.8612543340995877372 
0.0939054536576433563 4.8568920328157840771 
0.0950041199987792656 4.8030469500430665874 
0.1095004119998779224 4.7468925920829025955 
0.1096530045472579179 4.7463508434386039170 
0.1097140415662099105 4.7461342495334886138 
0.1250038148136844995 4.6954388193283893571 
0.1289101840266121402 4.6825516577565942100 
0.1328165532395397808 4.6706881801406519017 
0.1330607013153477514 4.6700518526672443187 
0.1337931455427716909 4.6682229034293980519 
0.1367534409619434177 4.6615810046002685851 
0.1376995147556993315 4.6554868524738788338 
0.1416058839686269721 4.6428749096193318024 
0.1418805505539109391 4.6420172931791334747 
0.1562547685171056244 4.5981561877417798101 
0.1601611377300332650 4.5866938518965421068 
0.1640675069429609057 4.5754748593771514820 
0.1650440992461928158 4.5733703698978631635 
0.1757866145817438275 4.5397402945736118340 
0.1796929837946714681 4.5308890120152049974 
0.1875057222205267493 4.5094538340827066136 
0.1933652760399182102 4.4980508623048089944 
0.1936399426252021771 4.4938841526621002842 
0.2304757835627307960 4.4049412756879569031 
0.2500686666463209917 4.3646804455429188962 
0.2503128147221289623 4.3511697856819138153 
0.2522965178380687790 4.3472487541222051277 
0.2835474715414899038 4.2742971987889584184 
0.2851649525437177646 4.2707319823787486257 
0.2871181371501815849 4.2703393954581017056 
0.2913602099673451851 4.2571691898134638166 
0.2971587267677846533 4.2453129384938490531 
0.3066805017242957843 4.2251303100837604987 
0.3126621295815912305 4.2136046023558941798 
0.3131504257332071717 4.2125783760994046645 
0.3476973784600360107 4.1387094863945588230 
0.4101687673574022641 4.0227454360874137507 
0.4102603228858302531 4.0225773787193404019 
0.4121219519638660844 4.0187122802621209061 
0.4140751365703299047 4.0152668696025628492 
0.5002899258400219651 3.9366158055779800762 
0.5003509628589739577 3.8651678924335275411 
0.5012970366527298438 3.8635962655906022078 
0.5312662129581591230 3.8138656042154170933 
0.5394146549882503638 3.8075683273420741770 
0.5433210242011780044 3.8003290152338791152 
0.5472884304330576377 3.7881480724887190981 
0.5551011688589129189 3.7828286993296593721 
0.5937681203650013728 3.7674912834279834506 
0.5942564165166173140 3.7402656512449841131 
0.6328318124942777789 3.6785507574303539791 
0.6330759605700857495 3.6571048902192715424 
0.6367381817072054195 3.6510772493008918360 
0.6523636585589159820 3.6429853160098040199 
0.6679891354106265444 3.6050720213598572705 
0.7304910428174687942 3.5193556720264154158 
0.7309793389690847354 3.5186840898543096934 
0.7503280739768669605 3.4909162326242642038 
0.7539292580950346378 3.4860349813114699380 
0.7601245155186621139 3.4776647739939079429 
0.8126773888363292286 3.4077002048604545514 
0.8146305734427931045 3.4055118736615712649 
0.8204290902432325172 3.3979731018064414094 
0.8439283425397503535 3.3654138123508645641 
0.8789330729087191374 3.3234254927461668316 
0.8847926267281106538 3.3180214937407233045 
0.8857692190313425362 3.3161596231186134531 
0.8886989959410382944 3.3140065352257623843 
0.9101840266121402623 3.2849996035252351234 
0.9689321573534348531 3.2128925449837182349 
