0. 3.2520383881888328403 
0.00003051850947599719 3.2485128716618856259 
0.0006103701895199438 3.2301198420906684916 
0.0009765923032319101 3.2157470678858386393 
0.0025635547959837641 3.1613132091060633932 
0.0040284432508316294 3.1492829163666846703 
0.0045167394024475845 3.1448438843613670812 
0.0078127384258552812 3.1217232005299706543 
0.0087893307290871914 3.1073565565121179510 
0.0166020691549424726 3.0216601341575954898 
0.0201422162541581469 3.0141318005675876712 
0.0234382152775658437 3.0008753630839368753 
0.0312509537034211249 2.9604771658787907285 
0.0312814722128971212 2.9390798813796705780 
0.0332041383098849452 2.9315824269650421208 
0.0351573229163487655 2.9221662769275367211 
0.0357676931058687128 2.9220854900887327510 
0.0400402844325083163 2.8932290060374445950 
0.0474868007446516346 2.8682580987139636441 
0.0507827997680593279 2.8573139312419559843 
0.0626239814447462351 2.8290513891325281826 
0.0629902035584582049 2.8081997733984520593 
0.0668965727713858455 2.7868157719464594635 
0.0670186468092898308 2.7858736866307736157 
0.0782494582964567975 2.7749557307392889172 
0.0791039765617847224 2.7603941377978404859 
0.0826441236610003932 2.7348057552543116877 
0.0937528611102633747 2.7053673894371681463 
0.0943632312997833150 2.6986162163216378396 
0.0977813043610950006 2.6848757878092426310 
0.0987578966643269107 2.6822027465979951799 
0.1098666341135898922 2.6619524090619295364 
0.1138950773644215181 2.6500784836263329147 
0.1250038148136844995 2.6332409396694416159 
0.1256141850032044538 2.6134278267543833429 
0.1279335917233802300 2.6126978949292190002 
0.1412396618549150162 2.5811253760319750050 
0.1445356608783227026 2.5726826665513500281 
0.1455122531815546127 2.5645738733788516761 
0.1486861781670583138 2.5633081366101859722 
0.1562547685171056244 2.5571529793493734672 
0.1562852870265816207 2.5496880137592863313 
0.1640675069429609057 2.5290416660177466035 
0.1757866145817438275 2.5168378005387470608 
0.1796929837946714681 2.4985298133808249155 
0.1875057222205267493 2.4719201892418571909 
0.1875362407300027456 2.4712229947998678448 
0.1879940183721427183 2.4702704073466512646 
0.1920224616229743442 2.4624546376081721810 
0.2036194952238532807 2.4395549170590977717 
0.2037415692617572660 2.4393109717160608163 
0.2080141605883968625 2.4308184561926795553 
0.2192449720755638431 2.4262907777250353192 
0.2216864528336436047 2.4208462928692942029 
0.2265694143498031554 2.3947828689961347948 
0.2266914883877071407 2.3945516101627255523 
0.2275460066530350656 2.3925084346141716196 
0.2500076296273689991 2.3601930477482704340 
0.2539139988402966397 2.3443226551356621812 
0.2545243690298165662 2.3432309293919946214 
0.2555009613330485041 2.3423593081423095263 
0.2666096987823114994 2.3304176607061624082 
0.2734458449049348427 2.3107695034415525193 
0.2812585833307901240 2.2967744879396230218 
0.3437910092471083701 2.2048759049907951102 
0.3440351573229163407 2.2008819008130471317 
0.3457136753440961940 2.1922134700342317259 
0.3515732291634876550 2.1887482459674867385 
0.3750114444410534986 2.1487921297257019937 
0.3754997405926694398 2.1480732520973999655 
0.3795281838435010657 2.1419025845630206284 
0.3906369212927640611 2.1273278030637823299 
0.3984496597186193423 2.1144468217532996768 
0.3989379558702352835 2.1138709181448214203 
0.4062929166539506198 2.1048457158846733961 
0.4224982451857051124 2.0867921250732544003 
0.4297006134220404672 2.0700409186936563621 
0.4384899441511276863 2.0650266068529088415 
0.4404431287575915066 2.0641825662836050803 
0.4420300912503433155 2.0547361907336703091 
0.4492629779961546665 2.0524915702669179751 
0.4707174901577806936 2.0381483237458790647 
0.4765770439771721545 2.0075862472979228990 
0.4926908169804986581 2.0057885017617942402 
0.5000152592547379982 1.9796644454972309735 
0.5009918515579698806 1.9767619248614238803 
0.5044099246192815800 1.9716276161264649769 
0.5053865169225134624 1.9706247594448214055 
0.5078279976805932794 1.9672951735414823116 
0.5078585161900692757 1.9670202227601751854 
0.5332193975646229989 1.9381418721015022388 
0.5351725821710867637 1.9341654107511845329 
0.5390789513840144043 1.9281067903302058220 
0.5631275368511001744 1.8992449812480092230 
0.5670339060640278150 1.8951676762678406618 
0.5947447126682332552 1.8623238774909807169 
0.5957213049714652486 1.8611823037289061400 
0.6016113773003326504 1.8587292221051419094 
0.6025574510940885364 1.8532173488441738840 
0.6025879696035645328 1.8531818925993470692 
0.6026184881130405291 1.8530308659096279555 
0.6060975981933042211 1.8513946539924954759 
0.6181829279457990989 1.8377883904546115090 
0.6250190740684224977 1.8269254005418431586 
0.6269722586748863735 1.8245843125687215558 
0.6270027771843623698 1.8242047569209611790 
0.6295358134708700648 1.8223317031560046786 
0.6455275124362925831 1.8039250476608994500 
0.6562700277718436226 1.7917013661920799805 
0.6563005462813196189 1.7912232222915125401 
0.6640827661976989038 1.7829288896476069848 
0.6660359508041627796 1.7808830995286930587 
0.6797082430494094662 1.7664079349186410095 
0.6875209814752647475 1.7567642914283678746 
0.6920377208777123146 1.7531827608635055515 
0.7188940092165898577 1.7383503469561158994 
0.7197485274819177548 1.7297422235734747353 
0.7217017120883816306 1.7269010375350006825 
0.7236548966948453954 1.7194121318797899178 
0.7268288216803491242 1.7163003511650261057 
0.7373271889400921930 1.7108068774103648568 
0.7500228888821069972 1.6914818169526804059 
0.7539292580950346378 1.6878539470422455615 
0.7545396282845545643 1.6865615481502680417 
0.7555162205877864467 1.6855479496458607436 
0.7701651051362651268 1.6698892571348931124 
0.7702261421552171194 1.6698265409031263218 
0.7812738425855281221 1.6599363554303532275 
0.7813043610950041184 1.6586944819184672450 
0.7817621387371440633 1.6582275144847844484 
0.7853022858363597480 1.6542999244210343512 
0.7890865810113834033 1.6538954066841213830 
0.7900936918240912821 1.6498634475165732116 
0.8125247962889492470 1.6271546306685789052 
0.8130130924405651882 1.6267766498798104102 
0.8248542741172520953 1.6245404906606464301 
0.8438062685018463682 1.6069763844312634493 
0.8438978240302743572 1.5957481690335253432 
0.8447523422956022543 1.5949095902857550744 
0.8478041932432019978 1.5919181231601011728 
0.8525650807214575355 1.5918401380204538764 
0.8556169316690572790 1.5842844116542029731 
0.8750267036957914968 1.5661113081198141383 
0.8906521805475020592 1.5516450738073377380 
0.8907132175664540519 1.5513812373507569475 
0.8951689199499496263 1.5473338090637274167 
0.8951994384594256227 1.5473047159363753078 
0.9062776573992126217 1.5382220536515847087 
0.9063081759086886180 1.5381931306533576098 
0.9375286111026337465 1.5100470939037520246 
0.9376506851405377318 1.5062516645995376319 
0.9385052034058656289 1.5060966057660614137 
0.9453413495284890278 1.4991043534884582744 
0.9765923032319101527 1.4703561574832118008 
0.9804986724448377933 1.4683741986782037348 
0.9922177800836207151 1.4565692154944531733 
