0. 8.0354839146120227156 
0.00003051850947599719 8.0210579357965539060 
0.0002441480758079775 8.0065931652258477413 
0.0007324442274239326 7.9930416865285378591 
0.0010071108127079073 7.9875215680674616081 
0.0019531846064638203 7.9112996799107149215 
0.0019837031159398175 7.9104555195311396787 
0.0039063692129276406 7.8542023804038105794 
0.0078737754448072756 7.8472316454970565402 
0.0080568865016632588 7.7832311561632971930 
0.0117801446577349162 7.7823895439305426080 
0.0156254768517105624 7.6909889724289151047 
0.0158696249275185400 7.6867985464006078899 
0.0176091799676503791 7.6702096067467175899 
0.0236823633533738212 7.6162088414236723821 
0.0312509537034211249 7.5486259028789923775 
0.0332041383098849452 7.5211868407816693249 
0.0351573229163487655 7.5016609121490924750 
0.0468764305551316873 7.4143647124521052660 
0.0488296151615955076 7.4057868613931328028 
0.0625019074068422498 7.3267917853000295025 
0.0644550920133060701 7.3115687290381341512 
0.0703756828516495236 7.2870637718875661548 
0.0800805688650166325 6.0640614662606600049 
0.3555406353953672882 5.5158395772312625027 
0.7968993194372386846 5.5043404180155777183 
0.8125247962889492470 5.4784154962155584556 
0.8130130924405651882 5.4778475779680046998 
0.8223212378307444004 5.4639122283790326762 
0.8359630115665150907 5.4429535801364616887 
0.8516495254371776458 5.4377359195683832027 
0.8518936735129856164 5.4186848401627853988 
0.8769798883022553726 5.3847794369771380119 
0.8828394421216467780 5.3700533860071457681 
0.8987090670491653110 5.3525126592081884169 
0.9062776573992126217 5.3370306689611286544 
0.9082308420056764975 5.3334437465676112211 
0.9121372112186041381 5.3287970517219660493 
0.9140903958250679029 5.3246891483179021876 
0.9375286111026337465 5.2901921995733376391 
0.9454023865474410204 5.2780196701825339289 
0.9765923032319101527 4.2502341578604125871 
