0. 3.7728216093204949288 
0.00006103701895199438 3.7607855998879764492 
0.0000915555284279916 3.7588424871262340332 
0.0002441480758079775 3.7479909928714851830 
0.0009765923032319101 3.7090135447003098612 
0.0010681478316599017 3.7085287492107430474 
0.0156254768517105624 3.5765279245685142051 
0.0161137730033265175 3.5281832427407788799 
0.0166020691549424726 3.5207219273081111766 
0.0312509537034211249 3.4323465776492816381 
0.0315561387981810951 3.4313760094812950641 
0.0332956938383129342 3.4169829442730375035 
0.0478530228583635975 3.3522783862180456360 
0.0625019074068422498 3.3223390489810857851 
0.0626239814447462351 3.2901020524546944479 
0.0627460554826502343 3.2822910335504347223 
0.0782494582964567975 3.2269028673921487105 
0.0791955320902127113 3.2264537394947967464 
0.0938444166386913636 3.1752996251915721615 
0.1252479628894924701 3.0946411119554246838 
0.1253700369273964554 3.0872991884525236017 
0.1406292916653950620 3.0450111869044196311 
0.1406598101748710583 3.0449321476788244745 
0.1406903286843470546 3.0448531170272081781 
0.1411175878170110309 3.0436547024738422884 
0.1875057222205267493 2.9291408412706614328 
0.1878109073152867126 2.9284569068834458427 
0.1894589068269905696 2.9277002431817806816 
0.2033753471480452823 2.8967338847937753599 
0.2346263008514664072 2.8295635220867136894 
0.2346568193609424036 2.8295023566977928198 
0.2500076296273689991 2.7932102204807094381 
0.2812585833307901240 2.7408200242846012529 
0.2813501388592181129 2.7398329742113616270 
0.2823267311624500509 2.7380471607726426519 
0.3125095370342112488 2.6833280125543592653 
0.3283791619617297819 2.6632599416204163489 
0.3437604907376323737 2.6317353967261860603 
0.3438215277565843664 2.6316343327007682973 
0.3671987060151982174 2.5945045422255645917 
0.3752555925168614692 2.5803206590865799264 
0.3830683309427167504 2.5742160481176732389 
0.4375133518478957484 2.5011127451439767455 
0.4377574999237037190 2.4858506327963358906 
0.4687643055513168733 2.4439182321750529958 
0.5000152592547379982 2.4026961576272549692 
0.5003204443494979614 2.3987970794521293882 
0.5015717032380138107 2.3969236926218941974 
0.5054780724509414513 2.3965330570060672244 
0.5074007385479293308 2.3916687391393858242 
0.5157322916348765496 2.3848334182081138977 
0.5166173284096804430 2.3798544787994679872 
0.5167088839381084320 2.3750272615859651104 
0.5313577684865871120 2.3540695978841799096 
0.5625171666615802479 2.3135760565532006439 
0.5705740531632434997 2.3034213262029581415 
0.5831171605578783224 2.2862711872158336668 
0.5937681203650013728 2.2707342272229333879 
0.6250190740684224977 2.2362690066917361165 
0.6250495925778984940 2.2355363320342918065 
0.6406445509201330601 2.2256741659367720310 
0.6416211432233649425 2.2078074554028139786 
0.6875209814752647475 2.1654976765155442564 
0.6882534257026886593 2.1577013651893390822 
0.7033906064027832805 2.1416599263532423159 
0.7038789025543992217 2.1352781784109309271 
0.7190160832544938430 2.1221048146332659456 
0.7500228888821069972 2.0929574288396222137 
0.7509994811853388796 2.0866755005965536007 
0.7656483657338175597 2.0863431189490064810 
0.7666249580370494421 2.0682052478140811047 
0.8437757499923703719 1.9837753216909839171 
0.8751182592242194858 1.9566053625498407431 
0.8916287728507339416 1.9372635996647225021 
0.8916898098696859343 1.9372008391087609525 
0.8935819574571978174 1.9359275435896912132 
0.9541306802575761914 1.8740841365440037425 
