0. 5.7854461468007123415 
0.0001220740379039888 5.7694332602163038715 
0.0002441480758079775 5.7500644223265515720 
0.0009765923032319101 5.7253486723178754758 
0.0019531846064638203 5.6903636335976157667 
0.0039063692129276406 5.6522289747525116255 
0.0041505172887356181 5.6492936083605593822 
0.0058595538193914609 5.6247547777971060867 
0.0078127384258552812 5.6028889962006722669 
0.0079042939542832737 5.5695612572720527567 
0.0126956999420148320 5.5230105574709948968 
0.0156254768517105624 5.4896486190833737595 
0.0175786614581743827 5.4709569822243624415 
0.0234382152775658437 5.4349729722854771552 
0.0235602893154698324 5.4341378851837029984 
0.0240791039765617838 5.4284365395279516875 
0.0253913998840296640 5.4227814165937795465 
0.0312509537034211249 5.3603656734464655287 
0.0468764305551316873 5.2758565251760094483 
0.0469374675740836800 5.2652593259801907521 
0.0546891689809869686 5.2471336493729294759 
0.0566423535874507889 5.2129164451165701521 
0.0703451643421735273 5.1621531898493264734 
0.0704062013611255200 5.1514553529089814887 
0.0713522751548814338 5.1471799752769564762 
0.0713827936643574301 5.1470425332518203731 
0.0859401226844080934 5.0840375026275026471 
0.0937528611102633747 5.0487521577410294782 
0.1015655995361186559 5.0209863050424745623 
0.1016266365550706485 5.0180984721471606491 
0.1017487105929746338 5.0179663073381153282 
0.1093783379619739371 5.0044490893006772225 
0.1113315225684377574 4.9861966296463124948 
0.1171910763878292183 4.9620368736508524421 
0.1250038148136844995 4.9350556311339284221 
0.1251869258705404775 4.9349936734303474495 
0.1329386272774437661 4.9078145908469288372 
0.1484420300912503432 4.8708463205490799552 
0.1562547685171056244 4.8341745263811475297 
0.1572313608203375346 4.8306527969845163284 
0.2187566759239478742 4.6667472484299228341 
0.2500076296273689991 4.5836006183784059331 
0.2656331064790795615 4.5454302870888847465 
0.2734458449049348427 4.5371176799829919801 
0.2753990295113986631 4.5356901262309179401 
0.2968840601825006864 4.4745518379690727428 
0.3047578356273079603 4.4568235268802558480 
0.3204138309884945190 4.4238539217924985891 
0.3437604907376323737 4.3827405892440429724 
0.3906369212927640611 4.3018029323061481861 
0.3906674398022400574 4.2955135571323292964 
0.3984496597186193423 4.2854452319845117714 
0.4062623981444746235 4.2545547371690259908 
0.4218878749961851859 4.2277222430621597127 
0.4257942442091128266 4.2205026915142420663 
0.4453260902737510296 4.2171619455000257659 
0.4531693472090823072 4.1780998820699304375 
0.4532303842280342998 4.1744241405720909910 
0.4765770439771721545 4.1409925849510091922 
0.4843897824030274357 4.1232225574643051047 
0.5000152592547379982 4.0890926539412726370 
0.5014801477095858218 4.0861133981272788063 
0.5053865169225134624 4.0794894518392039728 
0.5054170354319894587 4.0794378032317117899 
0.5088045899838251618 4.0777215867466933830 
0.5234534745323038418 4.0579116317263661529 
0.5244300668355357242 4.0562869418365972152 
0.5283364360484633648 4.0498452014882690975 
0.5468916898098696855 4.0047405815844268062 
0.5703299050874355291 3.9834750560695870725 
0.5704824976348155108 3.9733268566499950758 
0.5771660512100589280 3.9698753353335942684 
0.5781426435132908104 3.9669916759924466199 
0.5859553819391460916 3.9439444420886884401 
0.5937681203650013728 3.9383750966741528643 
0.6093935972167119353 3.9077158605787012391 
0.6172063356425672165 3.9007289915863125884 
0.6220892971587267395 3.8892903084619194765 
0.6251411481063264830 3.8823930558230195231 
0.6329233680227057679 3.8712084557186003941 
0.6533402508621478644 3.8455126911444548199 
0.6718955046235541850 3.8136878527065976030 
0.6738486892300180608 3.8114483154611904503 
0.6875209814752647475 3.8030601746087335790 
0.6953337199011200287 3.7913134471546801052 
0.7109591967528305911 3.7655972181475720895 
0.7110507522812585801 3.7654665221966734379 
0.7112033448286385617 3.7652487143088015919 
0.7119357890560624735 3.7569114849751428231 
0.7187719351786858724 3.7539491617860107908 
0.7578356273079622785 3.7161528525230242970 
0.7578661458174382748 3.7046508702897917864 
0.7588122196111941609 3.6941230154272735042 
0.7617725150303659154 3.6939168739931411700 
0.7656483657338175597 3.6890670291535885283 
0.7734611041596728409 3.6692272438870441320 
0.7815179906613360927 3.6658778639474118854 
0.7969908749656666735 3.6435038418212126743 
0.7971434675130466552 3.6413398999195836225 
0.7981200598162785376 3.6406037962284298892 
0.8203375347148045282 3.6114190840062607712 
0.8213141270180364106 3.6090132634834408698 
0.8359630115665150907 3.5854383541593319862 
0.8515884884182256531 3.5730359441787640229 
0.8516800439466536421 3.5722684254623655597 
0.8751487777336954821 3.5340151815023510551 
0.9023712881862849811 3.5009984787938566164 
0.9028595843379009223 3.4987259507793320168 
0.9033478804895168635 3.4981080835278688390 
0.9140903958250679029 3.4943897882462082727 
0.9375286111026337465 3.4604724073776318427 
0.9453413495284890278 3.4507844018250923845 
0.9531846064638203053 3.4404663757386386713 
0.9610278633991515829 3.4390623031663509757 
0.9610583819086275792 3.4384513246614192283 
0.9765923032319101527 3.4124013152203862553 
0.9785454878383740285 3.4100245090210199450 
