0. 5.8111906129010684197 
0.0078127384258552812 5.7765089288552537994 
0.0078432569353312793 5.7550459145491394963 
0.0087893307290871914 5.5816742602489233249 
0.0244148075807977538 5.4274665139246227596 
0.0351573229163487655 5.3917208126134141821 
0.0401623584704123085 5.3466366580073438897 
0.0625324259163182461 5.2433843641987998296 
0.0703756828516495236 5.2231366289156104798 
0.0712912381359294411 5.1738919584416036557 
0.0859706411938840898 5.1450494071321042355 
0.0860011597033600861 5.1335164489070006510 
0.1171910763878292183 5.0318482656211829251 
0.1250038148136844995 5.0027485757781366971 
0.1328165532395397808 4.9360795749479411398 
0.1328470717490157771 4.9315156627147365143 
0.1328775902584917734 4.9279349886487464616 
0.1329081087679677697 4.9278341255515067942 
0.1562547685171056244 4.8900383136499865344 
0.1602832117679372503 4.8582953447762919907 
0.1723685415204321558 4.8317391347396174694 
0.1797235023041474644 4.8006957860456669351 
0.1953184606463820305 4.7412708324574737162 
0.2422254097109897142 4.6415434589743052030 
0.2500076296273689991 4.6040790567197875660 
0.2744224372081667806 4.5340376686040206877 
0.2773522141178624834 4.5273238263369783851 
0.3056733909115879055 4.4685432190347826875 
0.3212988677632984680 4.4485176254131291174 
0.3369243446150090304 4.4101899242202664553 
0.3671987060151982174 4.3936176928370471728 
0.3759880367442854365 4.3299728927119476296 
0.4072695089571825577 4.3065874395721142065 
0.4228949858088931202 4.2937981704934387039 
0.4230170598467971055 4.2460245783077148474 
0.4385204626606036826 4.2319693620927152367 
0.4453566087832270259 4.2051732178571654686 
0.4453871272927030223 4.1917077925407122407 
0.5000152592547379982 4.0959359831696762200 
0.5625171666615802479 4.0163224961842027838 
0.5725272377697073756 3.9798344254054160984 
0.6037781914731285004 3.9343439105431290415 
0.6328623310037537752 3.8970162561816423796 
0.6328928495132297716 3.8917376316569103345 
0.6601763969847712632 3.8444662508724478656 
0.6679891354106265444 3.8348105644391461411 
0.6885280922879726262 3.8066759773762779417 
0.6963408307138279074 3.7980429499187988718 
0.7119357890560624735 3.7732842190454936038 
0.7119663075655384699 3.7653058432783792497 
0.7197485274819177548 3.7563512295294705368 
0.7441633350627155918 3.7486118049278216446 
0.7441938535721915882 3.7485690882414623992 
0.7500228888821069972 3.7097583064084003190 
0.7666249580370494421 3.6905325367405326098 
0.7685781426435133179 3.6878482910262149197 
0.8125247962889492470 3.6302182706182746230 
0.8750267036957914968 3.5702342091736327667 
0.8828394421216467780 3.5416776360635733312 
0.9023712881862849811 3.5203709614629259406 
0.9229102450636310628 3.4944591832458167246 
0.9385357219153416253 3.4761417018568177006 
0.9387798699911495959 3.4758379507909173967 
0.9389019440290535812 3.4756860900697938987 
0.9697561571092867538 3.4313792412653394415 
0.9941709646900845909 3.4297861897754420291 
