0. 9.3257506090508268670 
0.0009765923032319101 9.2703580148473765377 
0.0019531846064638203 9.2352912365972432696 
0.0020142216254158147 9.2244229049682431309 
0.0039063692129276406 9.1533053168909539465 
0.0068361461226233711 9.1434081141417387073 
0.0069582201605273598 9.1288765302242644850 
0.0070192571794793542 9.1277582040072466896 
0.0117191076387829218 9.0314460770762732267 
0.0149540696432386242 9.0020657604775795590 
0.0159306619464705361 8.9757125856194566182 
0.0166631061738944687 8.9572605568662435616 
0.0166936246833704650 8.9568992224741759145 
0.0178838465529343564 8.9526184661907404205 
0.0195318460646382031 8.9378735005862601781 
0.0273445844904934843 8.8992629074606099948 
0.0313119907223731175 8.8405615840592250976 
0.0351573229163487655 8.7638781231310272091 
0.0354014709921567430 8.7553550970829903122 
0.0429700613422040467 8.6917523114519763538 
0.0507827997680593279 8.6654832164408919226 
0.0510879848628192981 8.6634152685990901688 
0.0625629444257942424 8.6237756068936910481 
0.0627460554826502343 8.6166175318215447731 
0.0628070925016022269 8.6084676503441333040 
0.0645161290322580627 8.5798327357101893398 
0.0664082766197698904 8.5318052684308067768 
0.0742515335551011679 8.4885930030854463979 
0.0745262001403851487 8.4861336033717016392 
0.0755027924436170589 8.4806909584404284175 
0.0833155308694723401 8.4646604613701015296 
0.0976592303231910153 8.3791596781069905830 
0.0986968596453749181 8.3594081035584082429 
0.1067537461470381838 8.3229993253947345266 
0.1132847071749015777 8.3056126761848982909 
0.1250038148136844995 8.2624715448467664913 
0.1269569994201483198 8.2540612263881349975 
0.1272011474959562904 8.2536308620096203725 
0.1328165532395397808 8.2432543414526122660 
0.1397137363811151445 8.2312865518398741216 
0.1406292916653950620 8.1974684071159344967 
0.1562547685171056244 8.1534978987716204557 
0.1601611377300332650 8.0958954049371580908 
0.1604052858058412356 8.0949646639123482572 
0.1604968413342692246 8.0946158186608840879 
0.1721243934446241575 8.0866300560078485660 
0.1924497207556382927 8.0143578209354462416 
0.1992248298593096711 7.9872564647753909739 
0.1995300149540696344 7.9462426659690308384 
0.2226630451368755148 7.8790188317686666863 
0.2346263008514664072 7.8389364747803913502 
0.2375560777611621377 7.8296734824204659020 
0.2519608142338328194 7.8058637647613311472 
0.2539750358592486323 7.7842665566933675336 
0.2630085146641438221 7.7542929905354878173 
0.2664265877254554660 7.7430364729877201313 
0.2666707358012634921 7.7427939372528591377 
0.2695394756920072021 7.7380568737804367174 
0.2852259895626697572 7.7235903315158971338 
0.2890713217566454052 7.6720555859411145860 
0.2932218390453810164 7.6618613208653751911 
0.3164769432660908821 7.6213533667363240198 
0.3242591631824701670 7.6095177202550710049 
0.3244727927488021413 7.5883308307820103167 
0.3252662739951781012 7.5693676869423507370 
0.3527939695425275635 7.5161825243541269259 
0.3557237464522232662 7.5035555113061587207 
0.3557847834711752588 7.5033992653148038343 
0.3576769310586870865 7.4980076480044868248 
0.3691518906216620377 7.4702270011700342422 
0.3713492233039338286 7.4500478565216976534 
0.3733024079103976489 7.4452970923905592571 
0.3799859614856410661 7.4370582959292086400 
0.3955198828089236396 7.4241625517152796121 
0.4023560289315469829 7.4197546680175854306 
0.4033326212347789208 7.3948484074159157586 
0.4111453596606342020 7.3732604960704231090 
0.4179815057832575453 7.3375698408323080102 
0.4345835749382000457 7.3225222475673703570 
0.4375133518478957484 7.2899627418874102247 
0.4494766075624866408 7.2627263083996425053 
0.4651020844141972033 7.2320833541105065123 
0.4726706747642445139 7.2290124830152517887 
0.4807275612659077657 7.1933507105819938232 
0.4963530381176183281 7.1842962341465179676 
0.5049592577898495138 7.1750897867661729279 
0.5158848841822565312 7.1707156589551654946 
0.5159459212012085238 7.1668650757127556616 
0.5237586596270638051 7.1502848483590346618 
0.5354777672658467269 7.1438163375706826841 
0.5361491744743186461 7.0836188501125558758 
0.5362102114932706387 7.0816413111635911903 
0.5625782036805322406 7.0201712970445413475 
0.5703909421063875218 7.0061067573023336763 
0.5860164189580980842 6.9819798104663997051 
0.6016418958098086467 6.9509939359615637855 
0.6057313760795922652 6.9463774920707068716 
0.6250190740684224977 6.9169859248142904207 
0.6299630726035340134 6.8957762054249185368 
0.6319467757194738855 6.8921280994140863285 
0.6612140263069551382 6.8294093621179250420 
0.6905423139133884947 6.7837695149674592798 
0.6924649800103762631 6.7810310117867471646 
0.6924954985198522595 6.7782763558129568437 
0.6934720908230842529 6.7684124927052327081 
0.6944486831263161353 6.7669629748014799020 
0.7090670491653188190 6.7478425763116671732 
0.7188329721976378650 6.7349848992834999706 
0.7226783043916135130 6.7218238329907871176 
0.7266457106234931462 6.7172801988185000255 
0.7347025971251563980 6.7065636410973752390 
0.7539292580950346378 6.6673034792175114305 
0.7656483657338175597 6.6459215618748332943 
0.7695547349467452003 6.6391868606282891108 
0.7705313272499770827 6.6390014234834247020 
0.7773674733726004815 6.6268889713730780855 
0.7783440656758323639 6.6176981523919300443 
0.7862178411206396378 6.6049841466731615824 
0.7867061372722555790 6.6044517993514277876 
0.8008056886501663252 6.5926931603928995429 
0.8027588732566302010 6.5828190695540964583 
0.8203985717337565209 6.5456689941747683292 
0.8244880520035401394 6.5384832562778116838 
0.8255256813257240145 6.5375272163319237961 
0.8303476058229316559 6.5294425442780035240 
0.8401135288552507019 6.5124797815033002024 
0.8518326364940336237 6.5055725476061594392 
0.8557390057069612643 6.4877381453466282934 
0.8562273018585772055 6.4869329446293475527 
0.8713644825586718268 6.4651190079775773256 
0.8799707022309030124 6.4552384143567635988 
0.9033478804895168635 6.4095503590834317364 
0.9053010650959807393 6.4064514751410719384 
0.9504684591204565214 6.3482039021528962053 
0.9505294961394085140 6.3463965965157571603 
0.9768364513077181233 6.3088802128656462642 
0.9807428205206457639 6.2882796367192232978 
