0.2807753304610914880 7.9684541034345546251 
0.2807762278858493277 7.8474529982168634845 
0.2807812170192680590 6.6475757666195081086 
0.2808196194884198249 6.4058327454239769594 
0.4443571069223581915 6.3372274613872310311 
0.6389744628971412155 6.3309020565535210068 
0.6394123692662337932 6.3304924672019380338 
0.6411516567493212859 6.3036098533556872425 
0.6413950750746628682 6.2944579776274345306 
0.6443865331483232817 6.2722202784356353433 
0.6466730192244638520 5.7242184048598714341 
0.8166791638314432333 5.6384234084017705868 
0.8182444107472898187 5.5309018477580629280 
0.8267084964413838888 5.5052607569135760812 
0.8927986291333023239 5.2904116635022768733 
