0.2807753304610914880 7.1523225746193297425 
0.2807758628836741765 7.0218513260636514772 
0.2807785552113731820 6.7540868856573359480 
0.2808486541528057989 6.7375577994643141011 
0.2824306522767727756 6.5882640691660263599 
0.2848761787542680724 6.4171402114595901267 
0.3532190017275332883 5.7241053443979419413 
0.6345120536055901539 5.6234920646185679871 
0.8256835973035153708 5.6014143829400069308 
0.9190275501957814175 5.5054666081870351491 
0.9965772853022653033 5.4982984749917713785 
0.9993673337474920926 5.4785525917804731577 
0.9993898621651466918 5.2007303683555159424 
