0.2807785552113731820 8.1853338068869501143 
0.2807812170192680590 7.8910562343167773847 
0.2807860385875424747 7.2392391989785442874 
0.2807922897136851947 6.9350597500735018386 
0.2807999703063921437 6.3354914905269552605 
0.5424819711325910010 6.3121808189117523113 
0.6001406142954710532 5.3152191983859582436 
0.9064622053782254163 5.2444848023726375885 
0.9973295719486772182 5.2060547745342926618 
0.9978007955146296348 5.2058803678028393591 
0.9990331164412012965 5.1153909297479467355 
0.9998696252933856332 5.1025203991176324436 
0.9999946570887133790 5.0164324159574054107 
0.9999985227468133342 4.9860099644500923688 
