0.2807762278858493277 8.1764518819475675571 
0.2807778250925929697 7.9853698110361195361 
0.2807812170192680590 7.9572504720613528306 
0.2807860385875424747 7.7516183535445852826 
0.2807874997405270800 6.9818531001877754960 
0.2809612892249196969 6.9296867060240394665 
0.2811915334897249208 6.7878512345029964337 
0.2820438443642053761 6.3008344812034025040 
0.2989392198404517975 6.2357974469856198851 
0.3868029587244072864 5.8895033142505246460 
0.6338764269185559463 5.8234334377121488302 
0.6382345738496839616 5.7870142075369965795 
0.6435722927037648144 5.7736127739861835550 
0.6526592927851555537 5.7426625574008296482 
0.6540616414951516688 5.0615300404697656234 
0.6666655494960461725 4.8796406544435999564 
0.9999536777096530438 4.8351139265219504892 
