0.2807758628836741765 8.1754913305517504796 
0.2807785552113731820 7.7000335244546720403 
0.2807860385875424747 7.6287509917727502895 
0.2807874997405270800 7.0299775353398867850 
0.2808021643243644450 6.6922592572681915968 
0.2808638517385940725 6.0227885956692475133 
0.2826221439442704320 5.8413220126030394041 
0.2826953506866235477 5.5783664959135101924 
0.2903024958682591805 5.5632423814064502210 
0.2907059490515114808 5.3563925510272367703 
0.3753266466347354724 5.3557655716829444259 
0.3870119922886829933 5.3549075108767691944 
0.9211070339056144363 5.2545348542917267309 
0.9883123926996280062 5.2374347737488813337 
0.9979449589788526032 5.1387403602085957033 
