0.2807753304610914880 9.0904582072637793999 
0.2807758628836741765 7.8579806880307865313 
0.2807778250925929697 7.6664188077622501538 
0.2807785552113731820 7.0990533063118030910 
0.2808486541528057989 6.9279415959278463077 
0.2809128623896047783 6.6919797588466343186 
0.2810298441501140054 6.0448869859466478616 
0.2825503543147407370 5.2179504339185269757 
0.6318593090632644849 5.1569149055578540342 
0.6579150793145716047 4.8781662710902606861 
0.9785165413921432798 4.7105831115665388609 
0.9902449605391444587 4.7025689711384623948 
