0.2807785552113731820 8.2032225891393508732 
0.2807823124835102657 8.0997991491675715991 
0.2808937502597254055 7.9847921831096870804 
0.2810298441501140054 6.5188650841195929786 
0.2812535625282337470 6.3844014409682827704 
0.2812912274306835769 6.3211443079695799341 
0.5495691888468254849 6.0673483032680266547 
0.5910528120233051741 6.0607018526011655624 
0.6027354225766261564 6.0546053787808187252 
0.6818717261258158135 5.8853009718265578698 
0.6843562057019880740 5.8657731089078914977 
0.6942346766034551697 5.7966699196294610985 
0.7040118791716554192 5.7718896759617566161 
0.7088600093991386242 5.6932198755666600931 
0.7419540489333111832 5.3751952635026372107 
