0.2807753304610914880 8.2575281304045038411 
0.2807758628836741765 7.6662131060340623634 
0.2807762278858493277 7.3381659209214946671 
0.2807812170192680590 7.0870272162119940518 
0.2807922897136851947 6.7993326367402815435 
0.2808090802667864150 6.3604560965298055919 
0.2967611346103217196 6.3567807744410353976 
0.3042020583557736302 6.0060554542277797552 
0.5213670954617919406 5.8052525284633444969 
0.5245496433641452239 5.6372291815066777332 
0.5600065405046474876 5.5384937853126992024 
0.6504680023399355138 5.5033238521845762037 
0.6517118130484316207 4.9834138183387803878 
