0.2807753304610914880 8.1031599642969549535 
0.2807758628836741765 7.9591601959592672699 
0.2810298441501140054 7.5831785809658454056 
0.2810575234499507191 7.0287175129569714471 
0.2810866299389626066 6.4813988808963545196 
0.2863955552142849470 6.4216295246727819190 
0.2914794684440246142 6.3724597608961417450 
0.2916530803982813058 6.2022956045295707383 
0.3766628493311571235 6.1020948494019400243 
0.3771366831284340693 5.4276511755381351421 
0.7350109511217701730 5.1708039641581367007 
0.7552557466903608851 5.1212103727487896521 
0.9758764551432720369 5.0830406825348353195 
0.9765405167570957445 5.0823490257453602936 
