0.2807753304610914880 7.3839211504470130265 
0.2807778250925929697 6.9819573957481502191 
0.2807999703063921437 6.8399072018235171910 
0.2808449852517679313 6.8392638120344706465 
0.2809180244767696122 6.8035201308619681626 
0.2809389419245391650 6.7642783756225295377 
0.2809612892249196969 6.6540353796644575723 
0.2809850663175850194 6.5268215990059017528 
0.2810944711390565009 6.0807264644687286648 
0.2834179055933111480 5.6612725763606643881 
0.3882833832967957921 5.2419370988534144118 
0.5334941869744034282 5.0583000684228629495 
0.7556379675009532448 5.0023017855452325264 
0.9064997315780086717 4.9443416994978246493 
0.9965047501807910990 4.9370807901188431543 
0.9983366768304992034 4.8951401892327588428 
0.9999646474368349969 4.7816645316945471933 
