0.2807762278858493277 7.0898751714684928871 
0.2807812170192680590 6.5124202751248994048 
0.2809334028237276959 6.1981304837225330573 
0.6345661959835053878 6.0439552328742589538 
0.6773844473850025860 6.0318467512516535933 
0.6866557258649241824 5.8887142066960143083 
0.7081419945385282189 5.8782084116822632680 
0.7415288374775790281 5.8488322613359953195 
0.8642391380499081510 5.7587782093241690617 
0.8704996282531455298 5.5441902629968815575 
0.9154170306615612151 5.5136396458972711798 
0.9954693157900621481 5.4832777977336490949 
