0.2807753304610914880 5.3393188307315959662 
0.2807762278858493277 4.2747335661930545569 
0.2807941170131101893 4.2457276246356085991 
0.2809334028237276959 4.2337587566425982644 
0.2810298441501140054 3.7974447669494697521 
0.2811491236278895744 3.7959268511176391669 
0.2812912274306835769 3.7954052577261871981 
0.2814561398020500871 3.7227681441345703561 
0.2815471437499196261 3.6941540887544146443 
0.2825001054895445174 3.5860677909761884408 
0.2838687792892112816 3.5855374720536037358 
0.4312076595202438689 3.5011861712257399404 
