0.2807753304610914880 5.2025405260170645150 
0.2807762278858493277 4.1568924334160834988 
0.2807823124835102657 4.0856308883114156316 
0.2807941170131101893 4.0442995742692486871 
0.2808985369343508509 4.0417556016610154401 
0.2810298441501140054 3.6492717801760736762 
0.2814127743400821613 3.6074255332633593518 
0.2814561398020500871 3.5915762124153025603 
0.2821493998776808398 3.5230029361778973929 
0.8906250412613955225 3.4663718734255621889 
0.9446669449802944651 3.4388184243989909916 
0.9700936277498988236 3.3626993566858489615 
0.9999999999998756550 3.2849846032171456933 
