0.2807753304610914880 8.8377058574515778844 
0.2807758628836741765 8.5526226229378394805 
0.2807812170192680590 8.2117105174310456306 
0.2807860385875424747 8.1310346877350205830 
0.2807941170131101893 7.8728696054824425232 
0.2826221439442704320 7.4189787110766163281 
0.3052277803433012249 7.1475357567163548822 
0.5625469944082867046 7.1116789142900085352 
0.6197205532710463594 7.0938805423210240519 
0.6342737050527152975 6.8501987869007932019 
0.7154798339623731351 6.7368084093537126122 
0.8131810822523617421 6.6948966832223835155 
0.9360384697226311612 6.6699824674847310035 
0.9999985227468133342 6.6508656720458345646 
