0.2807758628836741765 8.4159701147609098371 
0.2807778250925929697 7.9968761056644508400 
0.2808804793424364288 7.4296250131911154568 
0.2884415084947049568 7.4189714525186802874 
0.2974917438889987942 7.3046269367681375684 
0.3271899989498006089 7.1905151642407822976 
0.4654317714166785747 7.0429324112619591247 
0.6076899676166345188 6.8310007742553349175 
0.9135662171993390590 6.8128148769602097090 
0.9550371061212729051 6.7716460155719619962 
0.9577160366403678626 6.6631006099019538524 
0.9973935462237636385 6.6021202146477548922 
0.9982642684826160684 6.5314839714943513371 
