0.2807753304610914880 8.2828022928961893001 
0.2807758628836741765 7.9357282677704619189 
0.2807762278858493277 7.8125966366347512348 
0.2825709822505506619 7.6531872987777216366 
0.2830261189974548897 7.5093311043626487233 
0.3393719465720043127 7.4889465180492269525 
0.3597977373396104017 7.3776938877210280765 
0.3624421274433714535 7.2191202590640424219 
0.6038825359266408732 6.8537154643130504539 
0.7344013242123875740 6.8105737832678716614 
0.9645714826962011879 6.4726010931464594833 
0.9986730342947869321 6.3330950082714334570 
