0.2807758628836741765 7.7316793953459272970 
0.2809787679293062057 7.6411492435051435734 
0.2824110281361900121 7.6392829231791647970 
0.2846634492867213817 7.5941486410826897213 
0.2974003935952720390 7.3587103803799056578 
0.3311086301039491975 7.2550526889212454407 
0.3479435430041872834 7.1483076235234923601 
0.7731558241171252455 7.1033463622505257362 
0.8148726754224786539 6.9897714319571830899 
0.9087226296637915812 6.9423298629447822705 
0.9131458873928459674 6.9129036446259535253 
0.9678610201136225166 6.5946743980482551706 
