0.2807753304610914880 8.7556533288194113851 
0.2807812170192680590 8.4167176918836421606 
0.2807860385875424747 8.0163505319995493892 
0.2808315878572752444 7.9911181580926626822 
0.2808804793424364288 7.8132904768608151258 
0.2830023397761186610 7.5860222359456210839 
0.2861464215241884546 7.4964173497076735941 
0.2951160902311102951 7.2358863469975451821 
0.3049693796847153804 7.2212720883498127122 
0.3300256440266282620 6.7313750445638635966 
0.9747385661841547755 6.6915832608817042981 
0.9934748424061257133 6.6399413718397735096 
0.9993553485067725450 6.4420929647788041095 
