0.2807758628836741765 7.9467212943716454276 
0.2821493998776808398 7.8018813133084963240 
0.2838687792892112816 7.3078299811566660438 
0.3042020583557736302 7.1728251049699283115 
0.6314576955469040076 7.0474149381017801019 
0.8339268235593020329 7.0126537827972104111 
0.8878318114883596568 6.9809972383493388293 
0.9207362571462587297 6.9555256979582367194 
0.9302660733001429927 6.9529568744993177631 
0.9503765126137352359 6.7541702448313225560 
0.9629522429627485058 6.6810558695040471733 
0.9979792576063060139 6.3209968195095385113 
