0.2807758628836741765 8.6354927423641694162 
0.2807922897136851947 8.4497401709856294616 
0.2808315878572752444 7.9881463728186714590 
0.2808638517385940725 7.6853993069007922045 
0.2814561398020500871 7.6849106925738546181 
0.2816943276920339523 7.6801560622225686359 
0.2824799822354080447 7.5828766617428486896 
0.3025375499219117303 7.4725327677650952296 
0.3110007780650898557 7.2572806865867640624 
0.3214204300361234168 7.1629498961509918686 
0.6421435210455607168 6.8124561876205378397 
0.8507092767861537119 6.5503971306875019565 
0.9837322464845528191 6.5217631648083260742 
