0.2807758628836741765 9.2694207172094316149 
0.2807785552113731820 8.6821245976475101003 
0.2807823124835102657 8.4497676672779391538 
0.2807941170131101893 7.8712635804397441674 
0.2809128623896047783 7.7646139723469440597 
0.2815598729218740104 7.5787633006008290337 
0.2895029699544168222 7.3959922917659683961 
0.2931824289873976586 7.2370481135870505795 
0.4881213662778712825 7.1823592773736537609 
0.6900009655956166332 7.0319757981619028797 
0.8126726399540168400 6.6857645262112868068 
0.9390784294928943288 6.4256855737880398394 
0.9614994772802292200 6.2825670660826826719 
