0.2807753304610914880 0.9211652138044648108 
0.2807762278858493277 0.9211647098541936307 
0.2807941170131101893 0.9211546638508277818 
0.2809612892249196969 0.9210607539570709878 
0.2810944711390565009 0.9209858982950541728 
0.2815598729218740104 0.9207240379602181779 
0.2836217680756333293 0.9195586926736516453 
0.2921821046576809078 0.9146296177178080411 
0.3191468751532888781 0.8981452720798910327 
0.9026635374768656739 0.1851985381097510652 
0.9940436166518705763 0.0118772881936689556 
0.9966639856556614996 0.0066608996969713674 
0.9985384102079923885 0.0029210433392951041 
0.9999999992412547112 0.0000000015174905776
