0.2807753304610914880 1.4951956795397594035 
0.2807874997405270800 1.4951912597410630390 
0.6033839654716770529 1.3107171718940058280 
0.6345862400910400325 1.2412873412518683480 
0.8198518921573383356 1.2153765004350671752 
0.8201715349713424308 1.0622876530113156690 
0.8810151719573019458 1.0441797176479339360 
0.9031974000523613766 1.0185826018226751266 
0.9071011610716439577 1.0140120072348133284 
0.9560666940265984959 0.9550079683813949005 
0.9809076292762615168 0.9238885781812760101 
0.9859880205542351783 0.9174258222750010239 
0.9948346772277637529 0.9060923222803475285 
