0.2807753304610914880 1.3293385184282333622 
0.5593716338758970563 1.2448647494813072090 
0.6554675760228544368 1.0762721448656995538 
0.8473643671777479902 0.9672422506691464861 
0.8482151717517877332 0.9662536782026854842 
0.8867327093113852587 0.9204600056126182039 
0.9026635374768656739 0.9009253660453842016 
0.9074533057802839364 0.8949840638536794568 
0.9128358989978406779 0.8882698915764359882 
0.9140714472076415520 0.8867230823813032625 
0.9194866781761807939 0.8799189587849672867 
0.9846460302851104407 0.6867998861177181391 
