0.2807753304610914880 1.5797805744198545330 
0.4490100374241000614 1.5043750314996688910 
0.4825821631265349021 1.4851663653683544464 
0.6051520500729994367 1.4275151125616227787 
0.6592786607545386701 1.3860247502077125414 
0.6886872150306750928 1.3847466843316627028 
0.6944799455363356300 1.3319806339071562640 
0.8848836765998401299 1.2988658901413554503 
0.8982030917003860360 1.2679050574668770945 
0.9021981862879049352 1.2254894794828885551 
0.9843955351420790034 1.1923923928362445412 
0.9924073920042900676 1.1458219507731424169 
0.9966214015039320806 1.1202305753463990268 
0.9968045109926756409 1.1200162826813924166 
0.9977455737235302324 1.1189143377869961160 
0.9980048003264266887 1.0963086197693521218 
0.9990103491212376507 1.0152384595332339945 
