0.2810298441501140054 1.5552260008777127886 
0.3332009253412122618 1.5352533751275929674 
0.6321318086150640170 1.4863363781437435307 
0.6322234375620532365 1.4072077565454303993 
0.7347005323820632316 1.2966763016374673878 
0.7353215807949915472 1.2961155870591427597 
0.7356324200085229137 1.2958347674588106546 
0.7694408132831506153 1.2354520419297847500 
0.9027036617308746846 1.1555185275357757746 
0.9502237178244604676 1.1514954401518646687 
0.9768420949325329339 1.0421400851673743304 
0.9999226233871386649 1.0141184642864902177 
0.9999234876431141172 1.0141174027583967909 
