0.2807753304610914880 1.5797805744198545330 
0.2808598115427456410 1.5552855474833426896 
0.4472605887944129943 1.5490719533182035761 
0.4490100374241000614 1.5481324438352297435 
0.4875041731088681773 1.5265316478748161000 
0.5754686890554085998 1.4487605090800004248 
0.5761177821487442063 1.4243469222869524771 
0.6085696190286742357 1.4007347698760017618 
0.6105128390163050422 1.3721426283845581384 
0.6516536990577445065 1.3673877630272242012 
0.6592719453532612794 1.3612540197917784024 
0.6599050484169313169 1.3607410757288436187 
0.7578870348582011918 1.3013067319365192453 
0.7601268300944794554 1.2992455068763968384 
0.8856255576151190745 1.2218021319903993316 
0.8859953640751508930 1.1736365516372881945 
0.9260972155629105806 1.1014475944970025800 
0.9560666940265984959 1.0668035051060056340 
0.9874095023326917575 0.9967794046870841473 
0.9950473341567553920 0.9873421083897699901 
0.9982581561896541888 0.9833531100440977557 
0.9983050700422757551 0.9832947308728122726 
0.9999999297325925518 0.9811838229763373276 
0.9999999999999991118 0.9811837353857042476 
