0.2807753304610914880 1.4560120003707544001 
0.2807758628836741765 1.4560118021432795210 
0.2807762278858493277 1.3293381548826443961 
0.2807778250925929697 1.3293375078534190870 
0.2807823124835102657 1.3293356899894890333 
0.2815132335469555658 1.3290392025379849095 
0.3066048775120168157 1.3183937319005412103 
0.3254128011572344770 1.3098185907855723897 
0.3260974355530312785 1.3094968166337532800 
0.6105128390163050422 1.2611601562536525201 
0.6317797133744387228 1.2436437272476690286 
0.6516536990577445065 1.2267324526961593811 
0.7586687476864828472 1.1266676605316714443 
0.8378199315231135147 1.0428874814355870715 
0.8871263890120189011 0.9864980894491240937 
0.8885343865772952210 0.9848404887114682316 
0.9082965511289798899 0.7910591647251207226 
0.9095243484125140609 0.7894490791595034640 
0.9187641251212090854 0.7772626240373079476 
