0.2807753304610914880 1.3293385184282333622 
0.2807758628836741765 1.3293383027446856737 
0.2807762278858493277 1.3293381548826443961 
0.2815598729218740104 1.3290202577956697905 
0.7559400060834341462 0.9739733426528874860 
0.9026635374768656739 0.9680610408125319699 
0.9031592787088623675 0.9674675032566872890 
0.9664125879677477604 0.8890625604894266676 
0.9753088070076212368 0.7000017425138915783 
0.9983050700422757551 0.6672608394612905558 
0.9983660341033153696 0.6671730279163143873 
0.9999999994882972087 0.6648174954882387633 
