0.2807753304610914880 1.4052598652459573625 
0.2807874997405270800 1.4052551822504086854 
0.2808021643243644450 1.4052495387394068338 
0.2899785603944974310 1.4016603030625063297 
0.2916530803982813058 1.4009928835625002907 
0.2923611722720141914 1.4007095006995524677 
0.4513510678881466065 1.3196815265941703732 
0.4525251474264290197 1.3189543046005325344 
0.6692902323808325171 1.2935591562395640786 
0.6697353231784850536 1.1519089663670196710 
0.8052324093008530470 1.1268274695448454725 
0.8746975789367150700 1.0513534369630708198 
0.8769509053196654635 1.0488006749363916192 
0.9594065364303958621 0.9940306492888539847 
0.9742004352565679648 0.9758973579854812730 
0.9752357368121358228 0.9746179717394251041 
0.9833723715730871007 0.7966140179888004935 
0.9939397558022944334 0.7822953290073738630 
0.9962304905125782817 0.7791712245046743535 
