0.2807753304610914880 1.4052598652459573625 
0.2807762278858493277 1.4052595199049031649 
0.4833679360586959905 1.3533720562577935542 
0.5771728877603271579 1.3307301194074476758 
0.6404824761201989292 1.3174775032026639909 
0.6429844576476786422 1.3154418932103983941 
0.6530061420461330535 1.2703954017406484667 
0.7247532549722506268 1.2064635794750557807 
0.7912847659753627916 1.0931504674489465057 
0.8273906618109815314 0.9901651980259484898 
0.8306236074659359980 0.9864919758689073559 
0.9914018109285365199 0.7857481808777454502 
0.9925531098931420493 0.7841829426676742987 
