0.2807753304610914880 1.4052598652459573625 
0.2807762278858493277 1.4052595199049031649 
0.2808225491173956811 1.4052416933763951512 
0.7341887881011959216 1.1508973075619917115 
0.7387160627931170787 1.1464762154350620626 
0.7586687476864828472 1.1266676605316714443 
0.7667896935916349577 1.1184542217526827201 
0.8885343865772952210 0.9848404887114682316 
0.9026635374768656739 0.9009253660453842016 
0.9026703052007938322 0.9009169934387949441 
0.9026894505610829622 0.9008933076513350180 
0.9101859818174105055 0.8915803238655755081 
0.9103909423206545393 0.8913246185597403226 
0.9121163292833528446 0.8891697722068977461 
0.9253921057053020593 0.8724531010856813040 
0.9863252019408788040 0.8632821260384311302 
0.9981454432343641603 0.8477300257726141375 
0.9994744693916156608 0.8459698160586189841 
0.9994919580456845809 0.8459466378475241077 
0.9998186788455222240 0.8455135509085819345 
0.9998358419158779320 0.8454907963728759412 
