0. 4.9965787698515011783 
0.00003051850947599719 4.5644998172110771151 
0.0001220740379039888 4.3313931244226040462 
0.0003967406231879635 4.1859239839367967662 
0.0007934812463759270 3.8260253889032425079 
0.0024414807580797754 2.9531141844205470726 
0.0036927396465956603 2.7820129612038551059 
0.0124515518662068544 2.6988595681708718033 
0.2534562211981566948 2.6711877850110625765 
0.2566911832026123608 2.5916310022286634940 
0.4412671285134434074 2.4874517028259117701 
0.5660573137607959326 2.4206877294281374802 
0.7532273323770867224 2.2678844930667629853 
0.8169804986724448215 2.0737499486490111877 
0.8326059755241553839 2.0668827323308107680 
0.9375896481215857392 2.0500205722448088252 
0.9576097903378398835 2.0240060065216032292 
0.9577318643757438688 2.0197601870207293473 
