0. 4.9249002623539457346 
0.00003051850947599719 4.2792633040108478681 
0.0001525925473799860 4.0367042898698706210 
0.0005188146610919523 3.2472556190714332303 
0.0075685903500473037 3.1519092802093586769 
0.0153813287759025849 3.1187021805565953159 
0.0154118472853785830 3.1148848675013294240 
0.1481978820154423726 3.1029457348529305705 
0.1644032105471968652 2.6354439770676623134 
0.2913602099673451851 2.3717350199196221006 
0.7899105807672353041 2.2672008892939405911 
0.7913754692220832387 2.1161552051555259091 
0.8538773766289254885 2.0986853171148962538 
0.9163792840357677383 2.0391747497931147492 
