0.0001220740379039888 5.4768001420841212479 
0.0001525925473799860 5.4331944522902464456 
0.0006103701895199438 5.4224445059980217465 
0.0006408886989959410 5.3702389044922647088 
0.0007629627368999298 5.3190467027972658798 
0.0008239997558519242 5.2450666587291197018 
0.0008850367748039186 5.2330097225291156704 
0.0010681478316599017 5.1643903612740658104 
0.0010986663411358989 4.5980183495622268808 
0.0019837031159398175 3.4529135358697895519 
0.0064699240089114048 3.1369116317806708949 
0.0313119907223731175 2.9757072107636828306 
0.0352183599353007581 2.7457080056528915257 
0.0480666524246955787 2.5606344050119758116 
0.0541093173009430245 2.4138320375180701838 
0.2871181371501815849 2.3783546564232769249 
0.3041169469283120375 2.1676691331716435585 
0.4291207617419965370 2.1098962039049951045 
0.7188940092165898577 2.1036517936879834956 
0.7227393414105655056 2.0540385592282852656 
0.7851802117984557627 2.0490905285885254727 
0.7885067293313394732 2.0068002446339274769 
0.8041322061830500356 2.0045064660428155712 
0.8666341135898922854 1.9708548491936810354 
0.9180272835474715398 1.9539637790571116049 
0.9727469710379345047 1.8572930658649022817 
