0. 4.7746008126342420752 
0.00003051850947599719 4.4024465318860199758 
0.0001220740379039888 3.0284411411861307251 
0.0010986663411358989 2.9640361602507270256 
0.0091860713522751557 2.7770245356272678094 
0.1163060396130252971 2.6477592046004985171 
0.2868434705648976180 2.6399227977529884370 
0.3135776848658711757 2.4161727928965035517 
0.3461714529862361389 2.3925793976009366304 
0.5948362681966612442 2.3751864157693947099 
0.5949583422345652295 2.2681117163663850889 
0.6144901882992034325 2.2569371100755812876 
0.7824335459456159825 2.2458941504175786719 
0.8135929441206091184 2.1521626957149857517 
0.8448438978240302433 2.1033171776160619615 
0.8487502670369578839 1.9144775259224777741 
