0. 3.9963946064322484197 
0.00006103701895199438 3.9496065733750946869 
0.0001220740379039888 3.6593787022165158440 
0.0001525925473799860 3.5292246233128334865 
0.0002441480758079775 3.3359161635712659688 
0.0041505172887356181 3.1741700205826308689 
0.0061037018951994384 2.6575609386567311532 
0.0666524246955778749 2.5353399996756991186 
0.1291543321024201108 2.3548101510041932194 
0.1916562395092623605 2.1728146600566837776 
0.5666676839503158591 2.0157321980544740114 
0.6301461836603899913 1.9283819382036049284 
0.6916714987640003587 1.8391545402624274175 
