0. 4.6667989135410632429 
0.00006103701895199438 4.1059960443147813791 
0.0005493331705679495 3.9035193382536452766 
0.0007019257179479354 3.8590706573786763833 
0.0018616290780358287 3.3146237398824562881 
0.0660115359965819243 3.1182525960309748214 
0.0661336100344859096 3.0149626916484484340 
0.2093569750053407286 2.9157992443309903585 
0.2797326578569902522 2.6583111845866311818 
0.3480636005737479666 2.6019788682995228513 
0.4045228431043427775 2.5695196006951910306 
0.4047364726706747517 2.4723106614168868234 
0.4578997161778618485 2.4590640992570715895 
0.4598529007843256688 2.4571067803339614599 
0.5239112521744437867 2.2359878046775887306 
0.8968779564806055315 2.2230645508735817906 
0.8969084749900815279 2.1463573849181072362 
0.9047517319254128054 2.1340227504009754433 
0.9054841761528367172 2.1225489904791134954 
