0. 3.3097186719607516459 
0.0007019257179479354 3.1058496082130693239 
0.0083315530869472344 3.0967822970904070878 
0.4126712851344340183 3.0962504251318723192 
0.4148686178167058092 3.0622608777991602302 
0.4289071321756645627 3.0450555525868874263 
0.4714499343852046054 3.0109599134848763491 
0.4949797051911984380 3.0044779589103325357 
0.5016937772759177960 2.9418560505988806675 
0.6510208441419721437 2.9072842425607525740 
0.7206030457472456518 2.7991468627580684547 
0.7818842127750480486 2.7646605856385422228 
0.8542741172521134407 2.6899646752563750596 
0.9148533585619678110 2.6881587192307883072 
0.9148838770714438073 2.5504627596520439425 
0.9363383892330698899 2.4988023544532844689 
0.9706106753746146509 2.4231095593748617212 
0.9773857844782860571 2.4077921839620093358 
