0. 4.4359274417175384997 
0.00006103701895199438 3.9959589274680982207 
0.0001831110568559831 3.5736827222978297947 
0.0026551103244117557 3.4908071735393826351 
0.0058595538193914609 3.4496276659720019886 
0.0238654744102298061 3.0384921428928750586 
0.0243537705618457612 3.0308974253343436978 
0.0317697683645130763 2.7778755351898323234 
0.0515457625049592569 2.6233752430778669584 
0.2500381481368449954 2.3191867897912201712 
0.2500991851557969881 2.2705972605562578792 
0.5021820734275338482 2.1976326747062890909 
0.7501144444105349862 2.0736295111113625111 
0.7579271828363902674 2.0580856419461204254 
0.7813653981139561111 2.0293491902124651816 
0.7970519119846186662 1.9488798376098117604 
0.8993194372386852375 1.9207343720900236228 
0.9613330484939115461 1.8350023513040176759 
0.9618213446455274873 1.7871218992361490585 
