0. 4.3115887199379514527 
0.00003051850947599719 4.1774377709576802076 
0.0000915555284279916 3.9680565897277189080 
0.0002441480758079775 3.5520503534923353328 
0.0002746665852839747 3.3815486973334745180 
0.0023499252296517838 3.2566684403121080038 
0.0088503677480391858 3.2197647160610802786 
0.0266426587725455480 2.7803324212829312323 
0.1419721060823389280 2.7186108221988378730 
0.1420331431012909207 2.5017664910447132698 
0.3625904110843226613 2.4480994905299113817 
0.3754387035737174472 2.0663604461494391451 
0.7767571031830805550 1.7655691055045705795 
0.8861354411450544921 1.7580075784050079868 
0.8939481795709097733 1.7463640588208508841 
0.8996856593523971934 1.6461610098775829591 
0.9017609179967650546 1.5668372119949405263 
