0. 4.2804945682314938793 
0.00003051850947599719 4.1353380133144703734 
0.00006103701895199438 4.1252416478120155219 
0.0000915555284279916 3.7681845568829883675 
0.0041505172887356181 3.6847096557611664913 
0.0162663655507065026 3.6388480689201117002 
0.0181890316476943266 3.5619117856473834216 
0.0207525864436780907 3.2692488407009321349 
0.0396130252998443538 3.2275523991649852640 
0.0435193945127719944 3.1429050109524632184 
0.0669576097903378381 2.6539925043245520264 
0.3169652394177068233 2.6335641743010902438 
0.5044709616382335726 2.5472498626855251125 
0.5669728690450758224 2.4759545453236300183 
0.6764732810449537448 2.4342647215258361726 
0.6844691305276650040 2.4162625897608500658 
0.6919156468398083293 2.2983134826846458587 
0.6919766838587603219 2.2677492263287102325 
0.9130527665028840278 2.1973906047676257103 
