0. 4.0222416792336268543 
0.00006103701895199438 2.9627579459202726397 
0.0978118228705709969 2.7078242270283277016 
0.1427655873287148602 2.6277637971640932513 
0.1583605456709494264 2.6052689712260646004 
0.3771172215948973006 2.4201039103683585907 
0.3928037354655598556 2.2465662201727853997 
0.7521286660359508547 2.2049218400549528418 
0.7560350352488784953 2.1759114290135448400 
0.8771019623401593579 2.1740868944501881010 
0.8771324808496353542 1.8824185115067348928 
0.9553209021271401591 1.8246279833894867295 
