0. 3.3567340143521184892 
0.00003051850947599719 3.1846317202253433543 
0.0001525925473799860 2.9956232170233478840 
0.0089419232764671782 2.9420739485388494039 
0.0108951078829309985 2.8568371641587058107 
0.1956236457411419938 2.8566338382527987072 
0.2506179998168889256 2.8472717536464409171 
0.2585222937711721958 2.8367312982490906492 
0.2741477706228827582 2.7794346160299170378 
0.2785424359874263955 2.7577741902447421296 
0.3415936765648365792 2.6880675468330608169 
0.4375133518478957484 2.5446641218261323303 
0.5006256294442579247 2.4561909104349402000 
0.6335947752311776870 2.4203905187412857458 
0.7506332590716269237 2.1432048774439538263 
0.9376201666310617355 2.1227704130245093061 
