0.00003051850947599719 4.7115316816984238457 
0.00006103701895199438 4.4215690083477019456 
0.0000915555284279916 4.3065500068407907008 
0.0001525925473799860 4.0028066446923551425 
0.0025330362865077670 4.0027292774430787148 
0.0025940733054597613 3.9495101578931204322 
0.0044251838740195929 3.3939029461581444735 
0.0059205908383434553 3.1138417256268189348 
0.0200506607257301544 2.8933840841585798387 
0.0274971770378734694 2.7271482919489025143 
0.2696920682393871838 2.6518684622323953626 
0.2772911770989104907 2.3721412893067759242 
0.7637562181463057875 2.2969950270520120839 
0.7759636219367046506 2.2713915280190981605 
0.7775200659199804631 2.1909253851420995574 
