0. 4.0981917256954272233 
0.00003051850947599719 4.0161516578176641445 
0.0013428144169438765 3.7495825205070691943 
0.0039979247413556322 3.3027429840259143745 
0.0511490218817712977 3.2710245324942541778 
0.0793786431470687032 3.1925757181459419876 
0.0901211584826197148 3.0506811137456151250 
0.1878719443342387052 2.9228291697458428366 
0.2112186040833765599 2.9155796950194070582 
0.2539139988402966397 2.8953485525173365822 
0.3320719016083254482 2.7528507570133413651 
0.3363139744254890484 2.3812042339027006399 
0.6877651295510727181 2.3281256399842793492 
0.7131565294351024375 2.3145919485840109608 
0.7142857142857143016 2.2548947883467844733 
0.8281502731406598095 2.1527418133820699353 
0.9533982360301522796 2.0691217433993758235 
