0.00003051850947599719 5.7896832703288909627 
0.0000915555284279916 5.5195723604982029897 
0.0001831110568559831 4.8432863945554442964 
0.0013122959074678793 4.7434589415683632296 
0.0013733329264198736 4.7096370291191451685 
0.0016174810022278512 4.0046623644758421179 
0.0029602954191717276 3.6563549771076817585 
0.0030823694570757164 3.3056999829341986441 
0.0122379222998748750 3.2008092019818308316 
0.0814844203009125051 2.9340624235675956122 
0.1251564073610644812 2.5506173147387274369 
0.3751335184789574839 2.4766877613475148934 
0.3751640369884334802 2.4476051353131542676 
0.3754081850642414509 2.4165826752396064592 
0.4062929166539506198 2.3202711598632195233 
0.6250495925778984940 2.2940087853838928567 
0.7560350352488784953 2.2666205521517639454 
0.8750572222052674931 2.0407503299090543614 
0.8751792962431714784 2.0386891222233214371 
0.8906826990569780555 2.0220932765565846623 
