0. 5.0170082810396934292 
0.00003051850947599719 4.3697327944509591902 
0.0002746665852839747 3.8101706418096217277 
0.0003051850947599719 3.5355798200751862303 
0.0003357036042359691 3.1378625950118537169 
0.0101016266365550715 3.0129501795315105639 
0.0173039948728904089 2.5271792767377134758 
0.0173650318918424015 2.5101009431643883651 
0.0480666524246955787 2.4747840381599939263 
0.0798669392986846582 2.4603885738640318692 
0.0800500503555406362 2.4548396120499669237 
0.2674947355571153928 2.4219857686092294280 
0.2815637684255500872 2.2028052852044921472 
0.2982573931089205765 2.0520173649311441721 
0.7503585924863429568 2.0406756014807867494 
0.7815790276802880854 2.0261593591424569283 
0.7816095461897640817 1.8926710216000723896 
0.7982726523636585192 1.8680196168950164992 
0.7983336893826105118 1.8134147762780399304 
0.8647419660023804022 1.7791035436199531539 
