0.00006103701895199438 4.6620443394380632895 
0.0000915555284279916 3.7285757410090960562 
0.0002136295663319803 3.6108384781469839986 
0.0003051850947599719 3.1526945969900426192 
0.0004272591326639607 2.9455959592542546588 
0.0007934812463759270 2.7018244581256216641 
0.0242316965239417724 2.6854291419638771643 
0.1293679616687520850 2.5896408763726261881 
0.2659382915738395248 2.5663760603828351670 
0.2737205114902188097 2.5648046996974280809 
0.5017853328043457850 2.4697897879448507119 
0.5081331827753532426 2.3910899183079030728 
0.7519150364696187694 2.3477819056049598068 
0.7581408124027222417 2.1083786032648079711 
0.7747428815576646865 2.0685228073409636096 
0.8206427198095644915 2.0478200433482087739 
0.9223609118930631290 1.8876159176257822914 
