0.0001220740379039888 4.7004976590066203101 
0.0001525925473799860 4.5181569294410879323 
0.0002746665852839747 4.3882396225635051934 
0.0003967406231879635 4.2998537902566109636 
0.0004272591326639607 3.9919998953386559570 
0.0007934812463759270 3.7563358432805911136 
0.0009460737937559130 3.6426427413936242061 
0.0026551103244117557 3.2275722362554466471 
0.0091555528427991577 3.1836961504334362338 
0.0106814783165990173 3.1166672253413407745 
0.0773033845027008837 2.9610063464900138186 
0.1823175756096072353 2.7624221211815518373 
0.2428052613910336721 2.7209976546690324284 
0.3241065706350901854 2.5699075467443730503 
0.5035859248634296792 2.5342956172234005763 
0.7538071840571306525 2.5308696861867439054 
0.7553941465498824614 2.5218194820460366756 
0.7554551835688344541 2.5073021294926478575 
0.7614062929166539595 2.4823332627368284164 
0.7760856959746086359 2.3436915301868066486 
0.8238776818140202129 2.1609392534026707899 
