0. 2.2768397136311446793 
0.0000915555284279916 2.1755445673777078497 
0.0001525925473799860 2.0621925015713689078 
0.0021057771538438063 2.0522076424339270595 
0.1191442609942930386 2.0423181847312168458 
0.4849696340830713659 1.9988556287621905838 
0.4922025208288827169 1.9578439477183346984 
0.4923856318857386949 1.9500819483993170333 
0.4927823725089266471 1.9240320021380095117 
0.4941557054353465372 1.9077125344132366269 
0.8687093722342600355 1.8283996011922361013 
0.9230018005920590518 1.8021804741797269322 
0.9297769096957304580 1.7284639963894796732 
0.9307840205084383367 1.7182004849367804589 
0.9317300943021943338 1.4420802141419952758 
