0. 2.2551694671783950596 
0.00003051850947599719 2.1512697274156171723 
0.00006103701895199438 2.0992346150548870654 
0.0634784997100741599 2.0138981144070813301 
0.5722525711844232976 2.0116478827370052329 
0.7500228888821069972 1.9711563295080651859 
0.7511215552232428649 1.9650006450228785226 
0.7578356273079622785 1.9477377253397900603 
0.7579271828363902674 1.9450488987788501216 
0.7747123630481886902 1.9057400072032810723 
0.8095645008697774925 1.7678379108311950141 
0.8789635914181951337 1.7674397820264902137 
0.8791467024750511117 1.6816986659610171362 
0.9143955809198278661 1.6370060036978186790 
