0. 2.2524891001564864013 
0.00003051850947599719 2.2287920033116872531 
0.0000915555284279916 2.1465814494706036974 
0.0002441480758079775 2.1034966561945607211 
0.0003357036042359691 2.0619651479299254682 
0.3672597430341502101 1.9412084443895258889 
0.4922635578478347096 1.9040489144665542209 
0.4930570390942106140 1.8884357688208601722 
0.8615375225074007881 1.7885856043601351395 
0.8773155919064913322 1.7522210741670396494 
0.9552903836176641628 1.6428404741166293679 
0.9864192632831813023 1.6200831133126845085 
0.9868160039063692546 1.4738328495580155231 
