0. 2.1356137324873740724 
0.1250038148136844995 2.0959920857109679559 
0.4908597064119388231 2.0109926397113575547 
0.5000152592547379982 1.9754817969328000160 
0.5002899258400219651 1.9714357855028936672 
0.8944669942320017109 1.9324607155162376593 
0.9606006042664876343 1.8453926168871064295 
0.9766533402508621453 1.8407847346272157019 
0.9859920041505172428 1.8344075395147729779 
0.9879451887569811186 1.8130742188936050940 
0.9909054841761528731 1.7859846424425425138 
0.9918515579699087592 1.6674415299091724929 
0.9918820764793847555 1.5698878940058440534 
