0. 1.3088957245672949714 
0.0005493331705679495 1.3019909431155409774 
0.1250038148136844995 1.2682691967032801994 
0.4162114322336497030 1.2508795633730334096 
0.5000152592547379982 1.1271449546244187712 
0.5025482955412458041 1.1238059452894739731 
0.5473799859614856267 1.0913859973202917342 
0.6914883877071443807 1.0315974463121091453 
0.7207861568041017408 1.0192365445747895158 
0.7505417035431989348 1.0164286242820794737 
0.7515182958464308172 0.8884548227559349032 
0.8536637470625935142 0.8362100400447943782 
0.8750877407147434894 0.8030326373589533606 
0.9224219489120151216 0.7680289770743131683 
0.9402752769554735268 0.7486220436797512701 
0.9707327494125187473 0.7396497302351877634 
