0. 1.3747494062045182428 
0.00003051850947599719 1.3690003497563423274 
0.0001220740379039888 1.3284159834276552115 
0.3131199072237311753 1.2431586766512994213 
0.5000457777642139945 1.2192487135084870697 
0.5022431104464858409 1.2158018361696045773 
0.5313882869960631083 1.1603615029474654285 
0.5316934720908230716 1.0966198917921474720 
0.6875209814752647475 1.0642479945058318513 
0.7032685323648792952 0.9531916573949231752 
0.7832270271919919979 0.9240451263907114576 
0.8292794579912716735 0.8964274032232165679 
0.8440198980681783425 0.8312135754629021989 
0.8958403271584215455 0.7798206189622053364 
0.9376812036500137282 0.7487245647284634931 
0.9635914181951353852 0.6847934527332931731 
