0. 1.4019413981476316344 
0.0001220740379039888 1.3806026350556470650 
0.0020752586443678091 1.3778717969106861751 
0.1875057222205267493 1.3643764093355685851 
0.2510147404400769333 1.2941447273392026052 
0.3760185552537614328 1.2599640889438457059 
0.5011139255958738659 1.2481553002554133247 
0.5019989623706778703 1.2447205406367822800 
0.5102694784386730964 1.2319659021364559592 
0.5225379192480239521 1.2214453092381043486 
0.5342265083773308776 1.2113273182094888014 
0.6279488509781182559 1.1666929504105183479 
0.6386913663136692953 1.0928532247167852542 
0.6417432172612689278 1.0621953163309814094 
0.6992706076235236656 1.0562400009023551473 
0.7603076265755180918 1.0365491681813217006 
0.7739494003112887821 1.0216443388607567844 
0.8760032959990233792 0.9592263898467250360 
0.8769798883022553726 0.9394052021995082935 
0.8777123325296792844 0.9075036425766900283 
0.8779564806054872550 0.8913062731142677997 
0.8819238868373668883 0.8659990298921358409 
0.8897061067537461731 0.8648894906714805764 
0.8899197363200781474 0.7394998471556104569 
