0. 1.3994125713107068432 
0.0030213324381237220 1.3168257096299154085 
0.5000152592547379982 1.3053849932703933678 
0.5001678518021179798 1.2753489009478562455 
0.5003814813684499541 1.2375535719155561498 
0.5006561479537339210 1.2123652904933190921 
0.5626392406994842332 1.2094530678734554119 
0.5628833887752922038 1.2050377617444636424 
0.6250190740684224977 1.0637015617459668615 
0.7352824488052003282 1.0585412068512662920 
0.7500228888821069972 0.9327018213565886340 
0.7594531083101900837 0.9258185589746464883 
0.7828913235877559273 0.8915168541076461395 
0.8145084994048891192 0.8758702133688665015 
0.8145695364238411118 0.8710503683598145308 
0.8597064119388408976 0.8667491430088879456 
0.8750267036957914968 0.8072388354324668835 
0.9708243049409467362 0.7660975095820804492 
