0. 1.3677596151721189699 
0.0080568865016632588 1.3016950556214261780 
0.0083010345774712363 1.3014836113914207694 
0.2500076296273689991 1.2723207599861132699 
0.3759880367442854365 1.2679780177796007301 
0.5011749626148258585 1.2357870590842832126 
0.5039826654866176314 1.1942535832073750690 
0.5078279976805932794 1.1915602301512300265 
0.5080721457564012500 1.1029527790912927454 
0.6098818933683278765 1.0998093570120626161 
0.6250190740684224977 1.0403561142403701112 
0.6250801110873744903 1.0154256848511729050 
0.6783043916135136353 0.9799997592550228065 
0.6900234992522965571 0.9654701874237969772 
0.7599719229712821322 0.9027470311904414180 
0.7659535508285775229 0.8959743243486137931 
0.8301034577471236853 0.8740577514789319435 
0.8750267036957914968 0.7420796532250222288 
0.9377727591784417171 0.6630317962270326770 
