0. 1.2803493422208847008 
0.2833033234656819332 1.2602126885323625682 
0.4010132145146030891 1.2443323844065359296 
0.4088564714499343666 1.1485254111512304131 
0.5020599993896298629 1.0849747623663896778 
0.6607562486648151934 1.0204737262493293048 
0.6744895779290139837 1.0044457017316759106 
0.7232276375621814468 0.9907778382553298346 
0.7370525223548082261 0.9487643337140562183 
0.7500534073915829936 0.8966282187822144367 
0.7502670369579149678 0.8947200958471227539 
0.7744682149723807196 0.8928159965412528765 
0.7754448072756127130 0.8840936921531005188 
0.8072756126590777681 0.7987000507796054860 
0.8437757499923703719 0.7416098164303714935 
0.9362163151951659046 0.6976681940422111428 
