0. 1.2785403312626348882 
0.0039674062318796350 1.2680811171804220461 
0.1914120914334543899 1.2625955654643032933 
0.3047578356273079603 1.2531852541283738933 
0.3047883541367839566 1.2168981876454632029 
0.5000152592547379982 1.1008729551026135152 
0.5005035554063539394 1.0772014271979624134 
0.5039216284676656388 1.0376193119359680139 
0.5429853205969420449 1.0374862408009095649 
0.6250190740684224977 0.9857217409155036858 
0.6477248451185644296 0.9523104356714323648 
0.6877651295510727181 0.9257254615222290095 
0.7053437910092471563 0.9178055686350529152 
0.7500228888821069972 0.9030919590736771196 
0.7539292580950346378 0.8848567804919683644 
0.8128910184026612029 0.8760164420720389922 
0.8750267036957914968 0.8610639197327576433 
0.8750877407147434894 0.8018828074658915783 
0.8752098147526474747 0.7220989324019272404 
0.9407025360881374754 0.6814616637450554570 
0.9408246101260414607 0.6767932490854408067 
