0. 1.3596048589676534846 
0.00003051850947599719 1.3313331425069432345 
0.0009765923032319101 1.3108839619464560666 
0.2500076296273689991 1.2923549655841741757 
0.2656331064790795615 1.2735854134643462832 
0.4707785271767326862 1.2045113959714015550 
0.5016022217474898071 1.1446817978348937661 
0.5392315439313943859 1.1293634923960926830 
0.5468916898098696855 1.1214469649212739366 
0.5703299050874355291 1.0800885388635517170 
0.6251716666158024793 1.0755228287819440514 
0.6497390667439801870 1.0196630410232561115 
0.6564226203192236042 1.0115631892184195895 
0.7208166753135777371 0.9854642680386962450 
0.7620166631061738860 0.9706112082357557513 
0.7658009582811975413 0.8962878095167047254 
0.7812738425855281221 0.8625630659160739011 
0.8448744163335062396 0.8619711873565705229 
0.8456068605609301514 0.7931091692551971439 
0.8651387066255683544 0.7683731126504341757 
0.8851588488418226097 0.7504462064852146508 
0.9707937864314707399 0.6687624618694703038 
0.9708243049409467362 0.6076859319409906313 
0.9713126010925626774 0.5714685549747072768 
