0. 1.3724763034297542408 
0.0002441480758079775 1.3722584209757522355 
0.0019531846064638203 1.3685239997404552437 
0.1269569994201483198 1.3220649125800965074 
0.2529374065370647573 1.3216210167402320241 
0.5000152592547379982 1.1711345941473663146 
0.5392010254219183896 1.1551071250562054971 
0.5951109347819452111 1.1430367641218064367 
0.5956297494430371486 1.0594385088877076306 
0.6657307657094027053 1.0310456475786093922 
0.7500228888821069972 1.0260328843137052068 
0.7500839259010589899 1.0019621262676907669 
0.7578356273079622785 0.9595575682603286749 
0.7734916226691488372 0.9132846989257268344 
0.8445387127292702800 0.8739132294681574153 
0.8936735129856258064 0.8447632790682230164 
0.9378948332163457024 0.7196270418417013426 
