0. 1.3947337680993177056 
0.0001220740379039888 1.3881512305788712425 
0.0003967406231879635 1.3872892430510492812 
0.0005188146610919523 1.3377639285989406659 
0.0007324442274239326 1.3338805103758386572 
0.0021057771538438063 1.3263100312533515623 
0.2500076296273689991 1.2817176468159856562 
0.5000152592547379982 1.2387181593116904921 
0.5001373332926419835 1.1879809874928888291 
0.5019684438612018740 1.1828383637668224981 
0.5020905178991058593 1.1448332968326315751 
0.5352946562089907490 1.1293142979333921083 
0.5645924253059481090 1.1050363775751870232 
0.5684987945188757497 1.1018733278238477258 
0.6562700277718436226 1.0463540927279646464 
0.6884975737784966299 1.0271770680192602310 
0.6924039429914242705 0.9915220085817588735 
0.7520981475264748584 0.8256757391633503529 
0.8146000549333171081 0.7959924609883241020 
0.9033478804895168635 0.7525831629424252211 
