0. 1.3154024812600566552 
0.2232428968169194727 1.2936749781555110239 
0.3828547013763847762 1.2478798959762615883 
0.4473708304086428389 1.1950500575140994286 
0.4732505264442884441 1.1489025253993159215 
0.5625171666615802479 1.1429430998018845766 
0.6251411481063264830 1.1335854979265034270 
0.6299325540940580170 1.0876279771202974622 
0.6613055818353831272 0.9967136354503881579 
0.7500534073915829936 0.8891839373463530372 
0.7813043610950041184 0.8558029512749719680 
0.7813653981139561111 0.8441558085110990595 
0.8204290902432325172 0.8148956588726588013 
0.8516800439466536421 0.8107250381250380444 
0.9375896481215857392 0.6942268290516546703 
0.9454023865474410204 0.6521404405442806640 
0.9454329050569170167 0.6337550128666240568 
0.9456770531327249873 0.6178060238570998175 
