0. 1.3295620172945235016 
0.0003051850947599719 1.3085452167128135414 
0.1250343333231604959 1.2555260298404018471 
0.1289407025360881365 1.2522841739125354366 
0.5000152592547379982 1.1504635382658485732 
0.5000762962736899908 1.1108970613745645650 
0.5942564165166173140 1.1029458004618792888 
0.6256294442579424242 1.1025483264450615106 
0.6259041108432263911 1.0922418451479627421 
0.6875209814752647475 0.9936092668268178274 
0.6884975737784966299 0.9188473542053399168 
0.7578356273079622785 0.9164901862378326269 
0.8125553147984252433 0.9060302413527279164 
0.8603778191473128167 0.8927143455502869473 
0.8829920346690267596 0.8905440385691644201 
0.8832056642353587339 0.8599897076072022806 
0.8834498123111667045 0.7789189810877278353 
0.8835108493301186971 0.7736248254685027526 
0.9375286111026337465 0.7537223559713603915 
0.9375591296121097429 0.7202558216909734634 
