0. 1.3436552544980600032 
0.3498641926328318052 1.3187547547901621314 
0.3960081789605395808 1.2597527164620485607 
0.4038209173863948620 1.2420245684375006423 
0.4041871395001068179 1.2193956245084434098 
0.5000152592547379982 1.1469325217915335990 
0.6003601184118168010 1.1259381097936889127 
0.6122013000885037082 1.1234506637528276496 
0.6289254432813501383 1.0829814716214023473 
0.6434522537919248331 1.0642888158174890201 
0.7186498611407818871 1.0216729462679305929 
0.7539292580950346378 0.9822955910988264705 
0.7549058503982665202 0.9692266161048450623 
0.7618640705587939044 0.8882029145938657999 
0.8301034577471236853 0.8281770673443706876 
0.8789330729087191374 0.7867849058029916520 
0.9101840266121402623 0.7827092409420045582 
0.9189733573412274259 0.7481587787081720453 
