0. 1.3347333261071114840 
0.00003051850947599719 1.2729428149481045729 
0.4420300912503433155 1.2413635718306355038 
0.4463026825769829675 1.2386185465568173569 
0.4576860866115298743 1.2307977866840948966 
0.4577166051210058706 1.1986448877352238185 
0.5157628101443525459 1.1911405267231358618 
0.5339213232825709143 1.1632213453796471647 
0.5650807214575640502 1.1229344830576806213 
0.5943784905545212993 1.0278435631766631442 
0.6251411481063264830 0.9797728671933783051 
0.7500534073915829936 0.9733591738890947642 
0.7540818506424146195 0.9374132901615511715 
0.8133793145542771441 0.8397526656599794137 
0.8752098147526474747 0.7939468947718923975 
0.9419232764671773284 0.7294508590717743157 
0.9421674245429852990 0.6858060812984891896 
