0. 1.3195887788702469479 
0.0800805688650166325 1.3116965243026692534 
0.1250038148136844995 1.2767593082333528187 
0.4375743888668477410 1.2251391146773928931 
0.4553361613818781017 1.1758868897602290371 
0.4559465315713980282 1.1699645496290955737 
0.4710837122714926495 1.1491617675927219278 
0.5626697592089602296 1.0661055055234847089 
0.6173589281899471981 1.0010980502802702130 
0.6193121127964110739 0.9966143510407746708 
0.7033906064027832805 0.9750629472143254040 
0.7433088167973875837 0.9715422520853742583 
0.7510299996948148760 0.9267779921754902839 
0.8225043488876003783 0.8642226414777954835 
0.8283944212164677801 0.7905589789487315055 
0.8611102633747367285 0.7182378509215450180 
0.8640705587939084831 0.7182303543080941210 
0.9298684652241584470 0.6715486861501377414 
0.9535203100680562649 0.5999041720387715548 
0.9552293465987121701 0.5534331480273323445 
