0. 1.3191815146231016254 
0.0001220740379039888 1.3084221500998745036 
0.1093783379619739371 1.2799632856804317171 
0.3137607959227271537 1.2795437615691949151 
0.3138523514511551427 1.2195488087968924251 
0.5235755485702078271 1.2189869653533647043 
0.5410321359904782801 1.2069637827829968746 
0.5410931730094302727 1.1764179820816809130 
0.5644703512680441237 1.1492727641240421121 
0.6413769951475569719 1.0588374779270848247 
0.6904507583849605057 1.0573285134848342537 
0.7500839259010589899 1.0110979057868019204 
0.7505111850337229384 0.9721254560139596101 
0.7505417035431989348 0.9202509365577716816 
0.7622302926725058603 0.9192224247278580895 
0.8287911618396557323 0.8381244132925090851 
0.8761558885464033608 0.8091443827902388142 
0.9067964720603045592 0.6753403476677273254 
