0. 1.3817676110216019492 
0.0009765923032319101 1.3367499913489653274 
0.3828852198858607725 1.2974018744779529655 
0.3950621051667836392 1.2572514227176962986 
0.3984801782280953386 1.2564234572958001834 
0.4023865474410229792 1.2501723172907921455 
0.4063234351634266162 1.2478148905384758294 
0.5000152592547379982 1.2134460268855402631 
0.5110629596850490008 1.1914743614417919737 
0.5423139133884701257 1.1565790270810527573 
0.6253242591631824609 1.1363801011801790697 
0.6255073702200384389 1.1362973055913321296 
0.6328318124942777789 1.0664110910653588071 
0.7087923825800347410 0.9726885238545361911 
0.7567674794763024071 0.9112514153125454985 
0.8192693868831446569 0.8658399274062296147 
0.8804284798730429573 0.8557289740026738922 
0.8814355906857509471 0.8462142902434242053 
0.8868068483535264113 0.8435180621122096989 
0.8908963286233100298 0.8368640822259071355 
0.8913846247749259710 0.8234554708890354790 
0.8984954374828333368 0.8104454816265602712 
0.9376506851405377318 0.7475634853395174417 
0.9377117221594897245 0.6982444689103617375 
