0. 1.3900928499341747013 
0.0050050355540635395 1.3662164067189712657 
0.0060121463667714469 1.3640772102945026845 
0.0079348124637592700 1.3462509702591411997 
0.0322275460066530350 1.2229477568554405487 
0.1586352122562333933 1.2178397952728980957 
0.3773308511612292748 1.1253978141504004107 
0.4710837122714926495 1.1252004710460739023 
0.6289254432813501383 1.1072225012341665451 
0.6328318124942777789 1.0937487771447986784 
0.6640827661976989038 1.0716452598013337383 
0.6885586107974486225 1.0599594557497755698 
0.6895352031006806159 1.0573489229785446586 
0.6934415723136082565 1.0279732589371806117 
0.6963713492233039037 1.0194231252363288309 
0.7012543107394635378 1.0128149587724197822 
0.7500228888821069972 0.9163021019063026795 
0.7519760734885708731 0.8752007246638779936 
0.7676320688497574318 0.8633049869433940815 
0.8764915921506393204 0.8175807953676139661 
0.9385967589342936179 0.6493012714210777414 
