0. 1.3973383650287347635 
0.0012207403790398877 1.3646140642990174374 
0.2520218512527848120 1.3130262233695881857 
0.4375133518478957484 1.3083089095631674770 
0.5000152592547379982 1.2932318916789149465 
0.5000457777642139945 1.2519905344440007688 
0.5090182195501571361 1.2034771788432343520 
0.5938291573839533655 1.1875051133787266622 
0.6250190740684224977 1.1746071396466952752 
0.6270332956938383662 1.1588652068129643435 
0.6340220343638416356 1.0945952481487966068 
0.6875514999847407438 1.0846298253492969721 
0.7188024536881618687 1.0191757957566911497 
0.8527176732688375171 0.9760541496771941716 
0.8546708578753013930 0.9411100415955041543 
0.8750267036957914968 0.9110146461042931687 
0.8764305551316873277 0.8777329547650066788 
0.9234290597247230004 0.8614484264892106058 
0.9631336405529954403 0.8122479206395917251 
0.9699697866756187281 0.7965048216088340682 
0.9719229712820826039 0.7542823208582555283 
