0. 1.3690382354829240263 
0.00006103701895199438 1.3649371764973448062 
0.0020142216254158147 1.3570351574199952527 
0.0634784997100741599 1.3388812464149351111 
0.3711661122470778507 1.2915871025440961439 
0.3751335184789574839 1.2726802960725820402 
0.4081240272225104548 1.2434732337782583578 
0.5000152592547379982 1.2207339190787491745 
0.5001373332926419835 1.2182430226242184634 
0.5005035554063539394 1.1968101653671538997 
0.5697500534073915990 1.1045554273141542367 
0.5990478225043488480 1.0818444267575875184 
0.6250495925778984940 1.0421524526199688054 
0.7519760734885708731 1.0051634198836525424 
0.7579577013458662638 0.9989154695493547287 
0.7580187383648182564 0.9072835831060889200 
0.8033692434461501275 0.8082743794510232060 
0.8808862575151830132 0.7551131862659264948 
0.9199499496444594193 0.7101952464763923167 
0.9668263801995911066 0.6884566892852029829 
