0. 1.3215493300134808496 
0.0004882961516159551 1.3150518632714855993 
0.0034180730613116855 1.3064810816793408499 
0.0104983672597430341 1.2781226104195715365 
0.2152165288247321895 1.2763292939407424598 
0.4417859431745353449 1.2649829271290868871 
0.4421521652882473008 1.2529176833662745150 
0.4499649037141025820 1.2476221723986218315 
0.4662007507553331265 1.1964016889180073555 
0.5002594073305459688 1.1576505433114645527 
0.5098422193060091478 1.1414159483498123038 
0.5391399884029663969 1.0811797275453169931 
0.5648060548722800833 1.0529919140607073569 
0.5728324228644673388 1.0477026748966771219 
0.5885189367351298939 1.0375572790587124228 
0.6355174413281655665 1.0166944421966492840 
0.6511734366893521253 1.0151116077205282195 
0.7500228888821069972 0.8806524851208765714 
0.7511520737327188613 0.8761479127055160632 
0.8166753135776848582 0.8395399847114547454 
0.8889431440168462650 0.6906958354620535978 
0.9514450514236885148 0.6387733786040066253 
