0. 5.6043969805618152336 
0.00003051850947599719 4.9896836912480555526 
0.0007934812463759270 4.9811878434159773121 
0.0013733329264198736 4.7795728303490729871 
0.0020752586443678091 4.6852574831225535235 
0.0021668141727958006 4.5973356599872481354 
0.0023499252296517838 4.5860552046121130232 
0.0035401470992156743 4.5721024993394410174 
0.0043336283455916013 4.4964825114733040223 
0.0051576281014435255 4.4334115572633745472 
0.0058595538193914609 4.2402051954886994523 
0.0298165837580492560 4.0024898313118439930 
0.0312204351939451286 3.6494509535012435997 
0.3159276100955229483 3.4998742738953225739 
