0.00003051850947599719 5.4250018151534495914 
0.0000915555284279916 5.0501482235836014922 
0.0002136295663319803 4.9495634182396033296 
0.0005188146610919523 4.9222198406476316279 
0.0010071108127079073 4.7044659051734898369 
0.0014038514358958708 4.2513320903115578986 
0.0133671071504867702 4.2423969221008777097 
0.0150456251716666167 4.1071153656487959793 
0.0287484359263893568 4.0913977351216725964 
0.0448011719107638817 3.9797702462465252005 
0.0598162785729544968 3.9396724772452595964 
0.0975371562852870300 3.8851795166132450099 
0.1070894497512741433 3.7790277075747371605 
0.1840876491592150776 3.7727769055944433418 
0.2775963621936704540 3.7121464508594343989 
0.8170720542008728104 3.7060000510994659528 
0.8503067110202338075 3.6076310842954120162 
0.9388714255195775848 3.5248812153257249591 
