0.0001525925473799860 5.2912675976759722118 
0.0002441480758079775 4.9131842996700383352 
0.0005493331705679495 4.9023396557587197719 
0.0007019257179479354 4.4706679189180027478 
0.0043641468550675985 4.4669320883472778405 
0.0070497756889553514 4.4022174034961540912 
0.0162968840601825024 4.1599657495121036277 
0.0583208716086306353 4.0614488800447139383 
0.1004669331949827604 3.9565188747545323444 
0.1087679677724539967 3.8843560416463831508 
0.1790520950956755175 3.8052875143352435927 
0.5989562669759208591 3.4699857131251263809 
