0. 5.5868751466730088850 
0.00003051850947599719 5.2934744058444067605 
0.0003357036042359691 5.1663795253128501628 
0.0006408886989959410 4.9841239784887774178 
0.0007019257179479354 4.9181092676336231051 
0.0012512588885158849 4.5883196990174912599 
0.0012817773979918821 4.5255725693596549064 
0.0022278511917477950 4.4440337247640577800 
0.0026856288338877529 4.2412250172040319995 
0.0140690328684347065 3.9220515634982677788 
0.0519119846186712266 3.9190656517916342416 
0.1377605517746513242 3.8663580270280708540 
0.1650440992461928158 3.7164397938311739544 
0.7451094088564714779 3.6590990359772401774 
0.7900631733146152857 3.4043811226308866580 
