0.00003051850947599719 5.2049465240259191745 
0.0001831110568559831 4.7192886380101732868 
0.0003967406231879635 4.5693111838404858460 
0.0028992584002197333 4.5673582980221016925 
0.0055543687246314890 4.2675969521288026343 
0.0088808862575151838 4.1742933607012417951 
0.0228888821069978959 3.9112087335994787374 
0.0830713827936643556 3.8562781493410098754 
0.1200598162785729561 3.7982436255799756353 
0.5173192541276283585 3.7836291183717061237 
0.5349894711142307857 3.7083926999377387901 
0.6217535935544907799 3.6344548256444446643 
