0.00006103701895199438 4.7795448103898818815 
0.0004882961516159551 4.7783229685290029565 
0.0009460737937559130 4.7681791095811956183 
0.0011902218695638905 4.7656691157248349810 
0.0013428144169438765 4.5705326165133390859 
0.0037232581560716575 4.5617027563361602915 
0.0043641468550675985 4.3614884303030549972 
0.0068971831415753655 3.9844867628594635711 
0.0272530289620654918 3.7610257121666434976 
0.0498062074648274178 3.6559157486000710691 
0.1192968535416730203 3.5934995412375623225 
0.9206823938718833311 3.3479600744122928191 
