0. 6.4119262125582601186 
0.00003051850947599719 5.5253971877086431874 
0.00006103701895199438 5.2799873288511642855 
0.0003662221137119663 5.2574267590069032607 
0.0005493331705679495 5.1694860625438980861 
0.0005798516800439466 4.9725027553446752293 
0.0008850367748039186 4.8973576737916912904 
0.0010986663411358989 4.3810127916613534893 
0.0023194067201757866 4.3464985523572128301 
0.0029602954191717276 4.2716937147490146032 
0.0267342143009735404 4.1051968485033389911 
0.0400402844325083163 3.9821355872977370893 
0.1778008362071596404 3.7917647047613631805 
0.2335276345103305118 3.7888795446593346305 
0.6059450056459242395 3.7064536483007115564 
0.8767967772453992836 3.6990736718994021714 
0.9262367625965147733 3.4735164450200937125 
