0. 1.1397768781248585057 
0.00003051850947599719 1.1251721919692343476 
0.0001220740379039888 1.1247933290858209698 
0.5000152592547379982 1.1107265844510696429 
0.5000762962736899908 1.0745192747641134634 
0.5001068147831659871 1.0745171375603057573 
0.5001678518021179798 0.9724842030959524042 
0.7499008148442030119 0.8286686783196440809 
0.8670003357036042413 0.6706345289303643486 
0.8728293710135196504 0.5454075579730172096 
0.9352092043824579148 0.5117159380986000539 
0.9353312784203619001 0.4768708775784181730 
0.9354533524582658854 0.4493109833593841307 
0.9480574968718528117 0.4092559485678117226 
0.9817194128238776463 0.3833249085258699229 
0.9822077089754935875 0.3754493321416881857 
0.9949339274269844990 0.2776620803080968591 
0.9949949644459364917 0.2560531060837284989 
