0. 1.0908862259443110609 
0.0625019074068422498 1.0882174265261372881 
0.1416058839686269721 1.0876024508460939710 
0.1728568376720480970 1.0869705231229571662 
0.2041077913754692219 1.0783416077421053014 
0.2265999328592791517 1.0479261086519533475 
0.2275765251625110619 1.0474024137719706307 
0.2961821344645527709 1.0379360052508985746 
0.2978606524857326243 1.0112360674437443908 
0.3022553178502762061 1.0111565628200895883 
0.3486434522537919523 0.9871706112300223657 
0.3750114444410534986 0.9775801390687540726 
0.3769646290475173189 0.9620541472702677233 
0.4228644672994171239 0.9344265389266135369 
0.4765770439771721545 0.9271545368107492191 
0.4775841547898800887 0.9061204539462884844 
0.4853663747062593736 0.9044831098318298901 
0.5000152592547379982 0.8904867283115808219 
0.5005645924253059320 0.8808328174352070272 
0.5044709616382335726 0.8790477336599907820 
0.5156712546159245569 0.8770269627290159242 
0.5461897640919217700 0.8716393227452340353 
0.5469222083193456818 0.8370793437321825126 
0.5630664998321481818 0.8075292420649198277 
0.5982238227484969473 0.8000101749574429766 
0.6059755241554002358 0.7839980483608464112 
0.6060365611743522285 0.7679323404920357365 
0.6216620380260627909 0.7357419936275257921 
0.6568193609424115564 0.7277010177107143818 
0.6692098757896663974 0.7034238679489316359 
0.6914273506881923881 0.6952305092772653738 
0.6924039429914242705 0.6930703842319742014 
0.6997283852656636105 0.6722992787212204169 
0.7193212683492538062 0.6048583122896634689 
0.7500839259010589899 0.6039011772782834075 
0.7505722220526749311 0.5890456981604408337 
0.7851802117984557627 0.5319024046610454359 
0.8008056886501663252 0.5277919795415573212 
0.8052613910336618996 0.5138435022242069383 
0.8476821192052980125 0.4375438294767446390 
0.8672444837794122119 0.4349501004433851681 
0.8755760368663594306 0.4235134546668206656 
0.9101840266121402623 0.3776209047151534715 
0.9111606189153721447 0.3544204296913493479 
0.9228797265541550665 0.3246837259160962885 
0.9302652058473463992 0.3100232516076379952 
0.9341715750602740398 0.3024763170157363512 
0.9502853480636005434 0.2385230785446552648 
0.9659108249153111059 0.2345346629987608844 
0.9922482985930967114 0.2165603690439495133 
0.9971617786187322308 0.1861315368160042782 
