0. 1.1353253851909459460 
0.1455427716910306091 1.1337512999176102557 
0.1456038087099826017 1.1336204052527598662 
0.1875057222205267493 1.0850844953618337119 
0.2549821466719565666 1.0683848550937820043 
0.3135166478469191831 1.0528251619227821934 
0.3135776848658711757 1.0281700542933858156 
0.3370159001434370194 1.0109845260734016126 
0.4375133518478957484 0.9336752265399503869 
0.4620197149571215189 0.9208566280959581407 
0.4687643055513168733 0.9105393981019579419 
0.4688253425702688659 0.9105101119959885247 
0.5625171666615802479 0.8646523813029077798 
0.5630054628131961891 0.8583145712995325915 
0.5859553819391460916 0.8314910106777826382 
0.6445814386425366971 0.7580337097391132151 
0.6758323923459578220 0.7256461008993587702 
0.7042756431775871739 0.7086153460184576591 
0.7188024536881618687 0.6985233154325464211 
0.7199011200292977364 0.6935429576930696172 
0.7344279305398724311 0.6818715642752727346 
0.7355265968810082988 0.6509868931241225010 
0.7506637775811029201 0.6231450051444344940 
0.7819147312845240449 0.5731445839052038416 
0.8125553147984252433 0.5702951799949038669 
0.8131656849879451698 0.5345227492194523089 
0.8359630115665150907 0.5005509530284496522 
0.8479567857905819794 0.4907605413892930368 
0.8499099703970458552 0.4859197822013499590 
0.8801232947782829941 0.4588849469831196015 
0.8834803308206427008 0.4382402500293747782 
0.8873867000335703414 0.4315634652562121976 
0.8945890682699056962 0.3982788436324605219 
0.9258400219733268210 0.3814998258779991880 
0.9698782311471907391 0.3209454753948208228 
0.9699087496566667355 0.2887552405058653182 
0.9855342265083772979 0.2356849263307538300 
