0. 1.0818222286299399304 
0.0959501937925351794 1.0812537359761045241 
0.1191442609942930386 1.0567066672294382901 
0.1564989165929135950 1.0458838919814001933 
0.2190008239997558448 1.0317786253296683530 
0.3125095370342112488 0.9936909495154453431 
0.3134861293374431868 0.9925418259425835554 
0.3359782708212530888 0.9708081238416803593 
0.3381450849940488834 0.9640675900613087101 
0.3671987060151982174 0.9408750833739559782 
0.3691518906216620377 0.9278927350182943901 
0.4375133518478957484 0.8838381082958274293 
0.4414197210608233890 0.8816761916510160724 
0.4785302285836359748 0.8509651813151131172 
0.4941557054353465372 0.8468404544298259173 
0.5175939207129124364 0.8051846692039006381 
0.5566576128421888425 0.7824278638166193289 
0.5644703512680441237 0.7725111992720822274 
0.5879085665456099674 0.7583376880255268126 
0.6191595202490310923 0.7019722466903400848 
0.6425977355265969360 0.6744802673870717857 
0.6738486892300180608 0.6547082724779191842 
0.7188329721976378650 0.6005212738280872875 
0.7363505966368603106 0.5638627770979196541 
0.7656483657338175597 0.5467281041992875235 
0.7657704397717215450 0.5465560173352110862 
0.7910397656178472792 0.5004822718041532781 
0.8066652424695578416 0.4843634997282778021 
0.8125247962889492470 0.4617758967961516081 
0.8281502731406598095 0.4302493108655283671 
0.8535416730246895289 0.3906494017876797620 
0.8691671498764000914 0.3650741869403133499 
0.8701437421796319738 0.3577872286917841982 
0.8945585497604296998 0.3449488082695007507 
0.8965117343668935756 0.3417201375604649871 
0.9375286111026337465 0.2925210603918160235 
0.9551072725608081848 0.2473006151121076024 
0.9687795648060548714 0.1897820492951073912 
0.9844050416577654339 0.1540215365986060680 
0.9922177800836207151 0.1379905276661146374 
