0. 1.0647550152960874037 
0.0625324259163182461 1.0613011135017578201 
0.0976592303231910153 1.0548999253053579217 
0.1494186223944822534 1.0460660258226541774 
0.1875057222205267493 1.0333655209137391218 
0.1876583147679067309 1.0327161853105222278 
0.2226630451368755148 1.0239237422420228718 
0.3476668599505600143 0.9487912596991578962 
0.3750114444410534986 0.9433844910155759766 
0.4375133518478957484 0.8918035749018008440 
0.4580217902157658893 0.8673478195365852406 
0.4726706747642445139 0.8535188578962493722 
0.4882961516159550763 0.8332032080290605602 
0.5312662129581591230 0.7974399266197970126 
0.5488448744163335613 0.7896388533933541565 
0.5489059114352855540 0.7830398176317818759 
0.6250190740684224977 0.6977113708024249572 
0.6406445509201330601 0.6739573964723046817 
0.6494338816492202238 0.6653253014288388334 
0.6562700277718436226 0.6573418208056943657 
0.6758629108554338183 0.6569190781822905611 
0.6875209814752647475 0.6139098147544080897 
0.7229224524674214836 0.5670213681690456919 
0.7500228888821069972 0.5430409272422206390 
0.7656483657338175597 0.5124646057887856099 
0.7812738425855281221 0.4873317870308908062 
0.7968993194372386846 0.4588813150420990583 
0.8594012268440809343 0.3684883949055423602 
0.8906521805475020592 0.3165314233958274603 
0.9062776573992126217 0.2934977214207866170 
0.9101840266121402623 0.2926124315197912162 
0.9258095034638508247 0.2516944642217623929 
0.9531540879543443090 0.2213264607762188974 
0.9570604571672719496 0.1854218730343382970 
0.9571825312051759349 0.1839212099988988824 
0.9883114108706930745 0.1729531902881495109 
