0. 1.0966163391890284551 
0.0039674062318796350 1.0766363001185070836 
0.1250038148136844995 1.0714185677325263057 
0.1875057222205267493 1.0608411413845817428 
0.2500076296273689991 1.0280459123171568070 
0.3750114444410534986 0.9453710825180552391 
0.3906369212927640611 0.9297597506397531353 
0.4455702383495590002 0.9060086384026464490 
0.4934232612079226254 0.8762512342374437768 
0.4935453352458266107 0.8732486653584380365 
0.5254066591387677176 0.8320409151260288461 
0.5723441267128513976 0.7930874733153628897 
0.6250190740684224977 0.7387033365142562369 
0.6269722586748863735 0.7364456806754491325 
0.6504104739524522172 0.7105718632992114037 
0.6799829096346934332 0.7086162381313972913 
0.6809595019379253156 0.6706528493736088059 
0.6876430555131687328 0.6586988055785141238 
0.7500228888821069972 0.5778956022418205718 
0.7764213995788445954 0.5500525467525712031 
0.7812738425855281221 0.5142969943243327346 
0.7973876155888546258 0.4967877525683983553 
0.8437757499923703719 0.4423132881262245575 
0.8750267036957914968 0.3834422526667107256 
0.9062776573992126217 0.3635725728817630897 
0.9075899533066804636 0.3451666039101375927 
0.9301126132999664176 0.3142635050331448743 
0.9310892056031982999 0.3073888560848113682 
0.9700918607135227134 0.2304508497507982145 
0.9934690389721365644 0.1836731903447742786 
