0. 1.0601709247003134884 
0.00006103701895199438 1.0600383235239401181 
0.1113315225684377574 1.0446013740111708135 
0.2363353373821222569 1.0350438520377398532 
0.2500076296273689991 0.9941136291171928097 
0.2509842219306009370 0.9904959082192467124 
0.2656331064790795615 0.9871502442670954114 
0.2851649525437177646 0.9851124023634425519 
0.2890713217566454052 0.9748161198736833288 
0.3126316110721152341 0.9614084950984159716 
0.3437604907376323737 0.9576180828068845408 
0.3457136753440961940 0.9537934160824947938 
0.3750114444410534986 0.9278814259600857150 
0.4062623981444746235 0.9159784310240458582 
0.4101687673574022641 0.9121944611836658723 
0.4140751365703299047 0.9032445542474244471 
0.4143192846461378753 0.9018328428188151502 
0.4375133518478957484 0.8826309432070421623 
0.4765770439771721545 0.8412423565213296150 
0.5000152592547379982 0.8227937010056578515 
0.5002594073305459688 0.8209987269140611721 
0.5078279976805932794 0.8087460484997142096 
0.5156407361064485606 0.8047233651122833731 
0.5234534745323038418 0.8038973264551748654 
0.5235755485702078271 0.7954072486095361549 
0.5273598437452314824 0.7934369656285408245 
0.5315103610339670936 0.7843845001661575722 
0.5625171666615802479 0.7668949486947139738 
0.5703299050874355291 0.7646316159759254383 
0.5940122684408093434 0.7192214427556982148 
0.6113467818231758111 0.7019785164209223494 
0.6406445509201330601 0.6602344842593128593 
0.6718955046235541850 0.6543715654616406585 
0.6728720969267860674 0.6490587324544920822 
0.6797082430494094662 0.6446501757493120488 
0.6801965392010254074 0.6361003795103604697 
0.6875209814752647475 0.6287362536879553820 
0.6894741660817286233 0.6150628834613302009 
0.7050996429334391857 0.5897193481825622197 
0.7226783043916135130 0.5839738139783912096 
0.7265846736045411536 0.5547219866219421647 
0.7363505966368603106 0.5398848565899795338 
0.7500228888821069972 0.5263212770600773638 
0.7734611041596728409 0.4953310574223153129 
0.7812738425855281221 0.4802123710837256643 
0.7890865810113834033 0.4579983980382222874 
0.8047120578630939658 0.4184906181158302152 
0.8515884884182256531 0.3603488604435128306 
0.8672139652699362156 0.3560053860010107263 
0.8750267036957914968 0.3476633090862883968 
0.8830835901974547486 0.3280570917179398416 
0.8984649189733573404 0.2975752644210050701 
0.9004181035798212163 0.2942589953055959606 
0.9140903958250679029 0.2566546779486726382 
0.9375286111026337465 0.2423590844295603897 
0.9375896481215857392 0.2362826851740971734 
0.9687795648060548714 0.1889361445587570410 
0.9765923032319101527 0.1321560414421426022 
0.9768364513077181233 0.1316996107906317215 
