0. 1.0676911063801575175 
0.00003051850947599719 1.0621409462282200842 
0.0324411755729850162 1.0529781872683499078 
0.1250038148136844995 1.0435976317747308606 
0.1893063142796105880 1.0312246378606886310 
0.2193365276039918321 1.0303989197934753097 
0.2202215643787957533 1.0193353368265398728 
0.2202520828882717496 1.0180683469478395420 
0.2203131199072237423 1.0156327196608707641 
0.2500381481368449954 0.9940891378691835145 
0.2656636249885555578 0.9883133141794334664 
0.3125400555436872452 0.9688983017914202245 
0.3281655323953978076 0.9604480335823337711 
0.3437604907376323737 0.9482983348332215678 
0.3447370830408643116 0.9463231497700161920 
0.3750114444410534986 0.9271035096652675556 
0.3908810693685720317 0.9211945994310130059 
0.4067506942960905647 0.9094793287148025263 
0.4072389904477065614 0.8901451358265438651 
0.4572893459883419220 0.8748268747773558784 
0.4703207495345927414 0.8598462821743017015 
0.4846339304788354063 0.8432542322232798870 
0.5000457777642139945 0.8249303088265810269 
0.5312662129581591230 0.8107656765568768131 
0.5312967314676351194 0.8008286783253536489 
0.5317850276192510606 0.7965539545566430180 
0.5625171666615802479 0.7608546163726509492 
0.5783867915890987810 0.7518687833337135418 
0.5791192358165226928 0.7436543994594378981 
0.5947447126682332552 0.7419748860391832679 
0.5948057496871852479 0.7401228340427465913 
0.6025574510940885364 0.7196061560111394195 
0.6250190740684224977 0.6888843822710408737 
0.6562700277718436226 0.6442388011636367429 
0.6726279488509780968 0.6200490281009735094 
0.6765343180639057374 0.6172024233386755876 
0.6804406872768333780 0.6159227559657561857 
0.7187719351786858724 0.5644398822284696360 
0.7351298562578203466 0.5300460769919078663 
0.7500228888821069972 0.5274168057190717906 
0.7812738425855281221 0.4779711547944049399 
0.7973876155888546258 0.4743725262678981647 
0.8125247962889492470 0.4187849675086190992 
0.8448133793145542469 0.3946669838660217256 
0.8596453749198889049 0.3676863466526672508 
0.8752708517715994674 0.3279754506165656336 
0.8908963286233100298 0.3010087639944836746 
0.9067659535508285629 0.2994692527849430186 
0.9104281746879482329 0.2913458492421640012 
0.9221472823267311547 0.2672752958372147103 
0.9226355784783470959 0.2561628015429967542 
0.9260536515396587953 0.2444110194391471424 
0.9375591296121097429 0.2374474737193523477 
0.9375896481215857392 0.2150640408604478082 
0.9533982360301522796 0.2076174785435944414 
0.9844050416577654339 0.1781005875701198449 
0.9846491897335734045 0.1287669373424066288 
