0. 1.0896454906797523598 
0.0781884212775048049 1.0806553517041981305 
0.1250038148136844995 1.0710442912017332784 
0.1562547685171056244 1.0623375025352588263 
0.2500076296273689991 1.0400477875320155441 
0.2545243690298165662 1.0175104020617551370 
0.2973723563341166276 1.0138822824476914075 
0.3170262764366588160 0.9983740638646660948 
0.3437604907376323737 0.9903229490966205528 
0.3914914395580919582 0.9659552186516811023 
0.4223761711478011271 0.9545762020115650115 
0.4375133518478957484 0.9208772338588043782 
0.4394665364543595687 0.9192148279871820149 
0.4531388286996063108 0.9116559974221799534 
0.4687643055513168733 0.8816145984408531033 
0.5045319986571855653 0.8642843355408823536 
0.5162511062959684871 0.8602060619289566556 
0.5201574755088961277 0.8549569598992083907 
0.5312662129581591230 0.8506347511690350860 
0.5357829523606066902 0.8471067438738973943 
0.5556810205389568491 0.8156825444183899432 
0.5664235358745078885 0.8030276363820292307 
0.6100039674062318618 0.7423887832402269460 
0.6250190740684224977 0.7317144212049957463 
0.6259956663716543801 0.7260560304133936160 
0.6719565416425061777 0.6676347642407430838 
0.6720786156804101630 0.6659883368914808477 
0.7032074953459273026 0.6552359133755516485 
0.7051606799523911784 0.6530763522101830087 
0.7189550462355418503 0.6455497011415172182 
0.7193823053682057989 0.6226538263452934263 
0.7350077822199163613 0.5700113428717746844 
0.7970213934751426699 0.5214479659252889698 
0.7970824304940946625 0.5092775489455590998 
0.8125247962889492470 0.4659375256980820557 
0.8437757499923703719 0.4292508337688034636 
0.8594012268440809343 0.4134960423800073115 
0.8681905575731680980 0.4065569963562886135 
0.8751487777336954821 0.4000991837600788581 
0.8752098147526474747 0.3971651900862867013 
0.8752708517715994674 0.3761564149576149263 
0.8915066988128299563 0.3760207447751604537 
0.8946195867793816925 0.3326297649286595881 
0.9219031342509231841 0.3180805226134717500 
0.9225135044404431106 0.3108067056321534571 
0.9532151249732963016 0.2537548483373986974 
0.9571214941862239423 0.2283306948657566893 
0.9845881527146214118 0.2139114852533937350 
0.9850154118472853604 0.1701934813763668897 
