0. 1.0926762943794376959 
0.00006103701895199438 1.0741126182504048270 
0.2500076296273689991 1.0097094608573731200 
0.2812891018402661203 0.9988695172969580538 
0.3750114444410534986 0.9443406931846777264 
0.4062623981444746235 0.9269215204083911530 
0.4062929166539506198 0.9187285712080904831 
0.4375133518478957484 0.8933065255296547269 
0.4687643055513168733 0.8687338525579973991 
0.5000152592547379982 0.8260239223309300272 
0.5626392406994842332 0.7781125276985807471 
0.6250190740684224977 0.6878237612793469680 
0.6582232123783074984 0.6503086622980691622 
0.6876430555131687328 0.6263439240411124986 
0.6878872035889767034 0.6216995561533000814 
0.7230750450148014652 0.6070784915618668842 
0.7500228888821069972 0.5396893141456751142 
0.7656483657338175597 0.5209331714717817530 
0.7968993194372386846 0.4740543739310573712 
0.7973876155888546258 0.4672421609252679908 
0.8750267036957914968 0.3708469379591654569 
0.8906521805475020592 0.3055409577915217945 
0.9375286111026337465 0.2546817067070060170 
