0. 1.0651149232354251151 
0.1601916562395092614 1.0614697752775619222 
0.1718802453688161869 1.0433344355107134760 
0.2226935636463515111 1.0379846576722400187 
0.2343821527756584366 1.0337687338882881605 
0.3144627216406750692 1.0032021645119828523 
0.3145237586596270618 0.9802956364221202534 
0.3300881984923856316 0.9722266621986380697 
0.3437604907376323737 0.9643560671664698214 
0.3750419629505294950 0.9386753195914887549 
0.4062623981444746235 0.9260348549106639515 
0.4609515671254615921 0.9184012896693801720 
0.4687643055513168733 0.9001775703580693344 
0.4690084536271248439 0.8917006948306247516 
0.4726706747642445139 0.8587439371769750585 
0.5000152592547379982 0.8386967323487826142 
0.5351725821710867637 0.8104546587060664775 
0.5625171666615802479 0.7869218039357270822 
0.5785088656270027663 0.7541264073229947407 
0.5800958281197546862 0.7516312223738930154 
0.6132999664296395759 0.7219186595903306358 
0.6250190740684224977 0.7045674325385118397 
0.6406445509201330601 0.6887298124511953556 
0.6562700277718436226 0.6801411741809976208 
0.6718955046235541850 0.6454241105064809636 
0.7031464583269753099 0.6013335668293242620 
0.7227088229010895093 0.5773782168658397884 
0.7383037812433240754 0.5749149852724672050 
0.7500228888821069972 0.5493920095975967088 
0.7656483657338175597 0.5057255507039017939 
0.7812738425855281221 0.4995608929558461031 
0.7851802117984557627 0.4941918090762566496 
0.8125247962889492470 0.4725215147644583058 
0.8130130924405651882 0.4722474236461349228 
0.8437757499923703719 0.4011329116840345876 
0.8750267036957914968 0.3537110842145038125 
0.8906521805475020592 0.3454732590402916359 
0.8906826990569780555 0.3356467680166027590 
0.8984954374828333368 0.3016229163407389557 
0.9219031342509231841 0.2842803428043704228 
0.9375286111026337465 0.2564840752401543744 
0.9531540879543443090 0.2511492399551587540 
0.9609668263801995902 0.2257002532138359940 
