0. 1.1163449770216671286 
0.0117191076387829218 1.1080378743333589853 
0.1328165532395397808 1.0933769872015037805 
0.2500076296273689991 1.0310774694836064569 
0.3125095370342112488 0.9935986203626716584 
0.3789178136539811392 0.9926395235924219129 
0.3809320352793969522 0.9648331276412214219 
0.3867305520798364204 0.9647461368090882727 
0.3965575121311075146 0.9386281795545196038 
0.4375133518478957484 0.9019164838252852201 
0.5000152592547379982 0.8510498784525928340 
0.5625171666615802479 0.8001159157333765926 
0.6093935972167119353 0.7566722875381597380 
0.6133610034485915685 0.7453575111509976869 
0.6875209814752647475 0.6701511914424016503 
0.6877651295510727181 0.6700962195203121752 
0.7500228888821069972 0.6201381445608830090 
0.7539292580950346378 0.5991499287581291133 
0.7695547349467452003 0.5646648032240361159 
0.8125247962889492470 0.5024365333713285420 
0.8164922025208288803 0.4973917088543655107 
0.8281502731406598095 0.4829731025621138984 
0.8282113101596118021 0.4283982504606135833 
0.8594012268440809343 0.4263862853874905157 
0.8594622638630329270 0.4260617668385297541 
0.9375286111026337465 0.3117726901723467670 
0.9688406018250068641 0.2712140135095630900 
0.9844050416577654339 0.2465680685521955962 
0.9848933378093813751 0.2172764150624166557 
