0. 1.0559088569976311511 
0.1250038148136844995 1.0461136381562923248 
0.1807916501358073635 1.0380130275106145277 
0.1808221686452833599 1.0336960631365812446 
0.2452467421491134336 1.0072894679262101025 
0.2833338419751579296 0.9867624811238800975 
0.3472090823084200695 0.9594701052279708264 
0.3550218207342753507 0.9550140357668626123 
0.3750114444410534986 0.9256752595941000195 
0.3985717337565233276 0.9130618483798219609 
0.4152043214209418243 0.9126875947487935736 
0.4308297982726523867 0.9004148099507645053 
0.4722128971221045690 0.8526554536570544185 
0.5009918515579698806 0.8348639330501680389 
0.5235755485702078271 0.8028938245218079084 
0.5274819177831354677 0.7914333424364090597 
0.5634937589648121303 0.7638237214827868771 
0.5937681203650013728 0.7314250536337746356 
0.5957213049714652486 0.7247931761480630453 
0.6250190740684224977 0.6792983687069809040 
0.6729026154362620637 0.6203783523730299620 
0.6875209814752647475 0.6002549708748581292 
0.7187719351786858724 0.5577997838261565811 
0.7197485274819177548 0.5563363807455332655 
0.7343974120303964348 0.5495491383648078987 
0.7509994811853388796 0.5212866680560562793 
0.8126468703268532323 0.4604604524814842059 
0.8135013885921811294 0.4398556664847479425 
0.8213141270180364106 0.4109189500282047769 
0.8438978240302743572 0.3834701663223978874 
0.8526261177404095282 0.3808296547255571873 
0.8760032959990233792 0.3492620418136705984 
0.8829615161595507633 0.3365724537517400527 
0.8829920346690267596 0.3235757919037743902 
0.9063081759086886180 0.2949478398801180235 
0.9072847682119205004 0.2884450798041147679 
0.9181493575853755251 0.2798677628769683512 
0.9191259498886074075 0.2739831153750733605 
0.9385052034058656289 0.1954151522785581852 
0.9689016388439588567 0.1786753927101372152 
0.9690237128818628420 0.1658007574074421564 
0.9690847499008148347 0.1655490271770835575 
