0. 1.0578694081408650529 
0.1250038148136844995 1.0456815111523165562 
0.1567430646687215934 1.0449899526198787036 
0.1601611377300332650 1.0355295876422125900 
0.2194891201513718137 1.0115389701665165045 
0.3125095370342112488 0.9616148367130591401 
0.3359477523117770925 0.9542470660835610241 
0.3440046388134403443 0.9462446823369519144 
0.3750114444410534986 0.9179624789979353716 
0.4062623981444746235 0.9023381170054474154 
0.4065065462202825941 0.8963322668933481063 
0.4375133518478957484 0.8843363802976388355 
0.4687643055513168733 0.8592607767687884257 
0.4694967497787407851 0.8426809066390039682 
0.5044099246192815800 0.8206813339056531209 
0.5625171666615802479 0.7907605975846671020 
0.5625782036805322406 0.7649515676123749275 
0.5937681203650013728 0.7458783438294613877 
0.5940122684408093434 0.7292874062836680604 
0.6250190740684224977 0.7008043968841611848 
0.6255073702200384389 0.6918454227995556316 
0.6294137394329660795 0.6858147774427053589 
0.6562700277718436226 0.6620347261784575998 
0.6875209814752647475 0.6209781578369703014 
0.7031464583269753099 0.5922890625799250852 
0.7500228888821069972 0.5360921075277719217 
0.7656483657338175597 0.5110406410743939531 
0.7815179906613360927 0.4899198194614008406 
0.7854243598742637333 0.4851030752785072120 
0.8011719107638782811 0.4798539948853884907 
0.8125247962889492470 0.4499638393073477349 
0.8183843501083407634 0.4209815291377387303 
0.8437757499923703719 0.4017789763716545504 
0.8479262672811059831 0.3989083489605020349 
0.8750267036957914968 0.3439504876989215587 
0.8795434430982390639 0.3414382939083832058 
0.9062776573992126217 0.2760507572977960455 
0.9375286111026337465 0.2358346601483512495 
0.9687795648060548714 0.1852205914290935840 
