0. 1.0761300004314686696 
0.0010376293221839045 1.0710713415271004845 
0.0078127384258552812 1.0608995075029301613 
0.0938138981292153673 1.0466955723537954004 
0.1881160924100467036 1.0318515878651437490 
0.2500076296273689991 1.0125262905606535746 
0.2813196203497421166 0.9811106679740244640 
0.3438215277565843664 0.9647346413447190905 
0.3440656758323923370 0.9643173178479512719 
0.3596301156651509068 0.9522911056300014110 
0.3635364848780785474 0.9518537662999301263 
0.4230475783562731018 0.9014379880466976136 
0.4375743888668477410 0.8869759718650414015 
0.4385509811700796789 0.8843241663188470270 
0.4688253425702688659 0.8554746493434515209 
0.5000152592547379982 0.8432836228289993796 
0.5315103610339670936 0.8086130886317969280 
0.5625782036805322406 0.7857983818357079375 
0.5743583483382671551 0.7654885644904538822 
0.5763115329447310309 0.7646140334575403097 
0.5938291573839533655 0.7262450682956881343 
0.6255073702200384389 0.7087840439397115055 
0.6411328470717490013 0.6879528768819197504 
0.6489455854976042826 0.6788963733474238094 
0.6680501724295785371 0.6647029129932835456 
0.6681112094485305297 0.6501850019095691824 
0.6837366863002410922 0.6287522508991731929 
0.6993621631519516546 0.6141365359939382484 
0.7188940092165898577 0.5810725191601114892 
0.7267067476424451389 0.5735548834615820102 
0.7500228888821069972 0.5364322314013980630 
0.7659840693380535193 0.5173257982290578871 
0.7812738425855281221 0.4959570206247589374 
0.7972045045319986478 0.4851299806761905642 
0.7978759117404705670 0.4803586278883711369 
0.7979369487594225596 0.4759553729678946410 
0.8125858333079012397 0.4485098199922934459 
0.8438367870113223645 0.4169964816535344232 
0.8594622638630329270 0.3952738332922687836 
0.8597064119388408976 0.3919422983808724115 
0.9063386944181646143 0.3356003374507183779 
0.9073152867213964967 0.2865748481947009707 
0.9229407635731070592 0.2782998952869733533 
0.9230628376110110445 0.2742615145887267181 
0.9375286111026337465 0.2494162900207884392 
0.9376506851405377318 0.2491857158689483320 
0.9688406018250068641 0.1865967024303708810 
0.9693288979766228053 0.1857958793279855525 
0.9844660786767174265 0.1492643169936439807 
0.9883724478896450671 0.1420070724497112802 
