0. 1.0458219634346161975 
0.1743217261268959761 1.0370027774159846778 
0.1821344645527512574 1.0273205300582943789 
0.1875057222205267493 1.0272130911893395666 
0.1878109073152867126 1.0095719107563680961 
0.2368236335337382259 1.0057670474115740777 
0.2485427411725211477 0.9957367142330669774 
0.2500076296273689991 0.9860466973105155297 
0.2968840601825006864 0.9673955074948689115 
0.3437604907376323737 0.9514692465753338268 
0.3440656758323923370 0.9297508563211337451 
0.3750724814600054913 0.9126637512271446040 
0.3789788506729331319 0.9042449175715797649 
0.4062623981444746235 0.8892577274624645645 
0.4218878749961851859 0.8810238826722243122 
0.4375133518478957484 0.8597961265326244939 
0.4378185369426557116 0.8579802734840087375 
0.4690694906460768365 0.8301877870160530026 
0.4768822290719321177 0.8256569862457914244 
0.5000152592547379982 0.8007047637965626352 
0.5312662129581591230 0.7904960794834187121 
0.5355693227942747159 0.7651285102528263549 
0.5705740531632434997 0.7457311963338912886 
0.5784173100985747773 0.7417771000022604921 
0.5788750877407147222 0.7284374282263713640 
0.6098818933683278765 0.7036095717810361139 
0.6101260414441358471 0.7002937556130470753 
0.6118350779747917523 0.6917941307712881516 
0.6250190740684224977 0.6832571444654496062 
0.6413769951475569719 0.6735119394510827862 
0.6606646931363872044 0.6731243808544341567 
0.6804406872768333780 0.6273779377531556456 
0.6875209814752647475 0.6127388243190590167 
0.6876430555131687328 0.6106407310585704184 
0.7031464583269753099 0.5976597657655631224 
0.7212134159367656894 0.5544790163083508361 
0.7365947447126682812 0.5513685980221482152 
0.7368388927884762518 0.5332314827585865613 
0.7893917661061433666 0.4893844880268220510 
0.7894222846156193629 0.4544987548675761824 
0.8125247962889492470 0.4138223179836673649 
0.8303476058229316559 0.3772381239216681115 
0.8616595965453047734 0.3269243855216882877 
0.8750267036957914968 0.3151462637204046624 
0.8828394421216467780 0.3088383894273132868 
0.9087191381572924387 0.2539036987876170937 
0.9375286111026337465 0.2509554399041508677 
0.9378337961973937098 0.2262478866598994221 
0.9399700918607135636 0.2071280515062413619 
0.9492477187414166684 0.2064662478358511855 
0.9553514206366161554 0.1783727778162897126 
0.9712210455641346884 0.1419214814075674957 
0.9949034089175085027 0.1146565657700242130 
