0. 1.0929130759184755295 
0.0957060457167271950 1.0901914357730806415 
0.0958281197546311803 1.0826209827503965322 
0.1113315225684377574 1.0824333455608379229 
0.1113620410779137537 1.0804749298932816437 
0.1114535966063417427 1.0752690780390152803 
0.1777703176976836441 1.0504895459070393571 
0.2406079287087618535 1.0412036396280521799 
0.2832117679372539443 1.0204225652484719689 
0.2988372447889645067 1.0077601214341542768 
0.3281350138859218113 0.9878761239532306559 
0.3458357493820001793 0.9717460177539549715 
0.4082155827509384438 0.9314524370396398689 
0.4687643055513168733 0.9303444760989476592 
0.4707174901577806936 0.8784924381510457181 
0.5000152592547379982 0.8586738334394539152 
0.5312662129581591230 0.8300592552972125837 
0.5528733176671651872 0.8160720631180413687 
0.5781426435132908104 0.7843393828114141320 
0.6153752250740074370 0.7417886884426452276 
0.6562700277718436226 0.6962203499983884436 
0.6583452864162114837 0.6857624674668540976 
0.7031464583269753099 0.6531287513290876534 
0.7109591967528305911 0.6485560131898582270 
0.7187719351786858724 0.6445233607903100292 
0.7247535630359813741 0.6229286073530675427 
0.7500228888821069972 0.5980879607183972046 
0.7812738425855281221 0.5485575397247894891 
0.7988525040437025604 0.5405610073908099222 
0.8125247962889492470 0.4906213633949114139 
0.8282113101596118021 0.4731527317595719539 
0.8301644947660756779 0.4703960012715185934 
0.8437757499923703719 0.4452732158803162643 
0.8750267036957914968 0.4082568818279835865 
0.8760032959990233792 0.4067060332858524196 
0.9064302499465926033 0.3969102372707658533 
0.9083529160435804828 0.3200109601163780293 
0.9161656544694357640 0.3068897069066594541 
0.9531540879543443090 0.2946027572903592295 
0.9532761619922482943 0.2924368746761301652 
0.9687795648060548714 0.2923995532103472184 
0.9689016388439588567 0.2582105250480408176 
0.9708548234504227326 0.2172109285941689616 
