0. 1.0816233321371480081 
0.00006103701895199438 1.0813960184145714471 
0.0313119907223731175 1.0780437394500939074 
0.1406292916653950620 1.0749525616891097979 
0.1762749107333597964 1.0545384542840803288 
0.2187566759239478742 1.0297178715608061861 
0.2461012604144413585 1.0218718951635372694 
0.2500076296273689991 1.0211321205579517723 
0.2656331064790795615 1.0171001697733035307 
0.3008209479049043233 0.9895058126276554677 
0.3320719016083254482 0.9709514151577284258 
0.3340250862147892685 0.9681812816279584677 
0.3906369212927640611 0.9354964419692657351 
0.4067506942960905647 0.9302621091427899502 
0.4068117313150425574 0.9139239911383354453 
0.4531388286996063108 0.8959791674926577132 
0.4692526017029328145 0.8889440334833079715 
0.4843897824030274357 0.8795750287816800350 
0.4883266701254310727 0.8689239042195424645 
0.4893032624286630106 0.8620980906134071420 
0.5117343668935209200 0.8391537644076977331 
0.5195471053193762012 0.8360599482701821516 
0.5273598437452314824 0.8088166004691754729 
0.5507980590227973261 0.7845658022745052307 
0.5937681203650013728 0.7597206785290930853 
0.5957213049714652486 0.7467851661881874659 
0.6152836695455794480 0.7314424336055167508 
0.6162602618488113304 0.7307067156744014857 
0.6240730002746666116 0.7242471975494383374 
0.6640827661976989038 0.7018077083070928257 
0.6679891354106265444 0.6684583914938087013 
0.7070528275399029505 0.6341864135972276051 
0.7187719351786858724 0.5807824540665562640 
0.7207251197851497482 0.5781439556733205531 
0.7402874843592639475 0.5690219729869153697 
0.7656483657338175597 0.5398999604838116140 
0.7968993194372386846 0.4920710305514972016 
0.8281502731406598095 0.4570664394226857108 
0.8281807916501358058 0.4527217069145715311 
0.8359630115665150907 0.4442990204382024078 
0.8557390057069612643 0.4231690381824492197 
0.8633075960570085749 0.3799101121771435996 
0.8769798883022553726 0.3627057829280087575 
0.8790856654560991190 0.3515250059615762646 
0.8868678853724784039 0.3463829461561047651 
0.9027375102999969370 0.3446923796282899688 
0.9063997314371166070 0.3384456570569762679 
0.9219031342509231841 0.2916813235440458008 
0.9375286111026337465 0.2789890123455442406 
0.9380169072542496877 0.2734832960660927292 
0.9394817957090976224 0.2567790019117914824 
0.9531540879543443090 0.2431766477031617191 
0.9687795648060548714 0.2270189867150159968 
0.9689016388439588567 0.2233371968640999183 
0.9767143772698141380 0.2161214665955448755 
0.9902951139866329466 0.1590433336242516038 
