0. 1.0973361550677036558 
0.0625019074068422498 1.0897852988466432134 
0.1499069185460982223 1.0784492759042747512 
0.1875057222205267493 1.0734828680603909490 
0.2500076296273689991 1.0490012695358328365 
0.2500381481368449954 1.0371441649035277877 
0.2656331064790795615 1.0245986219232019465 
0.2673421430097354112 1.0174342392482911279 
0.3750114444410534986 0.9880805400218950485 
0.3752555925168614692 0.9719609147231568214 
0.3759880367442854365 0.9481530201501793265 
0.4101687673574022641 0.9438481431227012663 
0.4116336558122501432 0.9087846920688336105 
0.4687643055513168733 0.8714282528907112413 
0.5027008880886257858 0.8470985272449237380 
0.5312662129581591230 0.8285699161527684264 
0.5468916898098696855 0.8109612269236040616 
0.5937681203650013728 0.7615787914642490053 
0.6252632221442304683 0.7360503310609671779 
0.6272164067506943441 0.7312318283697423205 
0.6273384807885983294 0.7304110915613112320 
0.6277047029023102853 0.7245137429694995523 
0.6562700277718436226 0.6944785237083092033 
0.6718955046235541850 0.6698594769639852897 
0.6902066103091525351 0.6457155780016076152 
0.6902676473281045277 0.6456645191732217626 
0.7265846736045411536 0.6275357161978700748 
0.7505111850337229384 0.5815564451153949488 
0.7817621387371440633 0.5430917767809794183 
0.7817926572466200596 0.5223078257089545096 
0.8437757499923703719 0.4583368367937204479 
0.8442945646534623094 0.4553799719990737072 
0.8521073030793175906 0.4403566129976952403 
0.8752708517715994674 0.3791443381030895066 
0.8756370738853114233 0.3716463624774357655 
0.8830835901974547486 0.3652247366243465132 
0.9065218054750205923 0.3476513509434369098 
0.9116489150669880859 0.3056433841420148068 
0.9402142399365215342 0.2703417813193388364 
0.9450972014526810572 0.2307397282952217132 
