0. 1.0549238457952334613 
0.1875057222205267493 1.0296450147922753260 
0.2187566759239478742 1.0104202766027292615 
0.2207098605304116945 1.0087570879551681635 
0.3125095370342112488 0.9584818808744184349 
0.3750114444410534986 0.9287231535731255150 
0.3750724814600054913 0.9203845079646336691 
0.4024170659504989755 0.9071515424562730523 
0.4036378063295388840 0.9063099556765613629 
0.4375438703573717447 0.8796694843137132791 
0.4531388286996063108 0.8575301039669896985 
0.4809717093417157363 0.8530056865747471795 
0.4812158574175237069 0.8437435312740279025 
0.5039216284676656388 0.8179166655446857836 
0.5317545091097750642 0.8138658726680780830 
0.5317850276192510606 0.8133761770805649771 
0.5625171666615802479 0.7681427914234498777 
0.5627613147373882185 0.7676910295416007335 
0.5644703512680441237 0.7524109666102425376 
0.5940122684408093434 0.7406446965032824625 
0.5949888607440412258 0.7370791475497512346 
0.6250190740684224977 0.6935564883167294470 
0.6269722586748863735 0.6926322805611025979 
0.6563005462813196189 0.6761051717032056096 
0.6563615833002716116 0.6668808389948248649 
0.6583147679067354874 0.6656944128529497240 
0.6641743217261268928 0.6359034969671021331 
0.6875209814752647475 0.6048778369469034466 
0.7187719351786858724 0.5780248291367193758 
0.7500228888821069972 0.5207504491028154270 
0.7656483657338175597 0.5021899112780581209 
0.8125247962889492470 0.4483783339830180181 
0.8196966460158086054 0.4463064219211381189 
0.8206732383190404878 0.4423943028882799666 
0.8245796075319681284 0.4107891309562141657 
0.8438673055207983609 0.4081313996247655229 
0.8750267036957914968 0.3332371908987426523 
0.8750877407147434894 0.3281674384126184174 
0.8906521805475020592 0.2985135941674964544 
0.9062776573992126217 0.2763635449004891997 
0.9375286111026337465 0.2213364317637638301 
0.9414349803155613872 0.2145473844615158332 
0.9495834223456526280 0.2036910208585028526 
0.9531540879543443090 0.1876229845056521794 
0.9570604571672719496 0.1815483629655746389 
0.9726859340189825120 0.1611992387818665939 
