0. 1.0787724824071316387 
0.0390942106387524024 1.0572497819195763036 
0.0400708029419843126 1.0547391468156070982 
0.1757866145817438275 1.0248724607630244066 
0.2619708853419598915 0.9958693862565801691 
0.2854091006195257352 0.9950496944640719876 
0.2858973967711416764 0.9821988675657565837 
0.2937101351969969576 0.9691071676777827104 
0.3227942747276222879 0.9653339695815938981 
0.3523056733909115668 0.9563540935346579452 
0.3562120426038392074 0.9318991487562400255 
0.3640247810296944886 0.9289380730014730192 
0.3718375194555497698 0.9210900849107837018 
0.4062623981444746235 0.9172352595882726778 
0.4218878749961851859 0.8926455203040394304 
0.4297311319315164635 0.8846927233007082503 
0.4619281594286935300 0.8755251621931506856 
0.4619586779381695263 0.8531818932587106330 
0.5000152592547379982 0.8298292877002715340 
0.5400860621967222830 0.7768752653164209265 
0.5420392468031861588 0.7751807956805590871 
0.5713370159001434079 0.7430666362393698598 
0.6025879696035645328 0.7000318075648404026 
0.6250190740684224977 0.6859059395081141819 
0.6650898770104067825 0.6551388939917391907 
0.6687215796380504562 0.6507654718807527328 
0.6758018738364818256 0.6200695521091985629 
0.7070833460493789468 0.6039958204788387075 
0.7109591967528305911 0.5995592941165168721 
0.7148960844752342281 0.5894556160925352728 
0.7383037812433240754 0.5406651648295306423 
0.7500228888821069972 0.5118325911341532475 
0.7969298379467146809 0.4703798278188526805 
0.8125247962889492470 0.4697804357953553334 
0.8228095339823603416 0.4166119026580969442 
0.8359630115665150907 0.3996783509229052678 
0.8540604876857814665 0.3658318353961621527 
0.8945585497604296998 0.3029853461458602570 
0.9297158726767784653 0.2439189981834056775 
0.9297769096957304580 0.2385249672474041849 
0.9478133487960448411 0.2164341736889449919 
0.9536729026154362465 0.2037368092294082056 
0.9558702352977080929 0.1944216894909552851 
0.9790643024994659660 0.1613715075899712359 
0.9793084505752739366 0.1543282690872111729 
