0. 1.0859043423629535230 
0.2033753471480452823 1.0481971935152483155 
0.2522049623096407900 1.0157834966641483554 
0.3164769432660908821 1.0114981041234751835 
0.3288674581133457231 0.9872059492500737665 
0.3752555925168614692 0.9695708076141141829 
0.3772087771233252895 0.9621399749437826721 
0.4062623981444746235 0.9414318911641204046 
0.4318979461043122581 0.9407054631051559035 
0.4533829767754142814 0.9298721269218628294 
0.4553361613818781017 0.9124462295710649151 
0.4846339304788354063 0.8606429575219686212 
0.5470137638477736708 0.8456269725320990638 
0.5490890224921415319 0.8380955988402422063 
0.5507980590227973261 0.8164422793628127728 
0.5628223517563402112 0.7960323473691653939 
0.5937681203650013728 0.7525976869478189224 
0.6565141758476515932 0.7241033737138435899 
0.6574907681508834756 0.7228340902718057848 
0.6758018738364818256 0.6923378635055532637 
0.6875820184942167401 0.6767189072121280180 
0.6877956480605487144 0.6530369913352370714 
0.7131565294351024375 0.6250318939565662202 
0.7500228888821069972 0.5562045140734152016 
0.7678456984160894061 0.5541565116582645167 
0.7813348796044801148 0.5460649904456615911 
0.7990966521195105310 0.5133339700872238120 
0.8000732444227424134 0.5117928394082055243 
0.8127689443647572176 0.4745531130073745163 
0.8438062685018463682 0.4502315735822681741 
0.8438367870113223645 0.4427026187189558870 
0.8443250831629383057 0.4420094041307082722 
0.8594622638630329270 0.4051715233166652830 
0.8753929258095034527 0.3919809326454371523 
0.8773461104159673285 0.3694874596846420833 
0.9062776573992126217 0.3382803201545293015 
0.9063386944181646143 0.3288275254232184142 
0.9375896481215857392 0.2964998098601698828 
0.9414960173345133798 0.2608684914915575526 
0.9571214941862239423 0.2543432114223361795 
0.9687795648060548714 0.2275279662278848758 
0.9688406018250068641 0.2112091811247791273 
