0. 3.4302878316388540902 
0.0001220740379039888 2.7978564511665089398 
0.0759910885952330140 2.6921686925361147935 
0.0947904904324472775 2.2416160849457367199 
0.1588793603320413916 2.2069594494882309732 
0.1954100161748100195 2.1419639405721269121 
0.1955320902127140048 2.1243053453533802255 
0.2213812677388836414 1.8255928245315660163 
0.2871791741691335775 1.7841437016625838474 
0.3594164860988189325 1.7698646266740960531 
0.3672292245246742137 1.7627403701395076840 
0.4396191290017395503 1.7457952531935252427 
0.4455397198400830039 1.7203343121800482862 
0.4509720145268105163 1.6584740128667492254 
0.4532914212469862925 1.6236576584699131676 
0.4687948240607928696 1.5905018706108133841 
0.5001983703115939761 1.5856346442857758294 
0.5021515549180578519 1.4992243340747020142 
0.5371868037965026321 1.4137284088470918331 
0.5646534623249001017 1.3705116468415987629 
0.6954863124485000103 1.3656297126931464803 
0.7213965269936216673 1.3575337562060338925 
0.7501754814294869789 1.3115608780934246980 
0.7502365184484389715 1.3045500970740551150 
0.7507248146000549127 1.0400335806985203657 
0.8438673055207983609 1.0385381215221891615 
0.9376201666310617355 0.9602700113517042002 
