0. 3.7186025048329729437 
0.0000915555284279916 3.6899568646229119473 
0.0004882961516159551 3.5668334460422657095 
0.0010376293221839045 3.5369221957373917498 
0.0010681478316599017 3.4950452860376968189 
0.0011291848506118961 3.3814533413040357423 
0.0014343699453718680 3.3648114486888838215 
0.0030518509475997192 3.2867529655529215127 
0.0030823694570757164 3.0527919878217182337 
0.0050355540635395367 3.0251091377750261024 
0.0070497756889553514 2.9997368623154856415 
0.0325022125919370089 2.9581163062279016707 
0.0361339152195806757 2.8804732826993268979 
0.0596636860255745083 2.7999326587449124837 
0.0950041199987792656 2.7455391224004821460 
0.0988189336832789034 2.6935021752490153624 
0.0988494521927548997 2.5637382494738609751 
0.1066621906186101809 2.5301114424318043028 
0.1361430707724234634 2.5071136552695545419 
0.1575060274056215015 2.3846655219818355675 
0.1611682485427411715 2.3208769742134434111 
0.2360301522873622937 2.1883595862581781688 
0.2360606707968382900 1.9628782001791409417 
0.2824488052003540361 1.8848698633240448252 
0.3630176702169866099 1.6276425042284896616 
0.4113895077364421726 1.6087707379991671441 
0.4860683004242072891 1.5698876139255824036 
0.4919278542435987500 1.5632765316036401071 
0.5315408795434430900 1.4431086228127021354 
0.6262092959379863544 1.3934920824543317597 
0.6573992126224554866 1.3305927674803794680 
0.6574602496414074793 1.3253118623614206228 
0.7813043610950041184 1.2459998197177126755 
0.8486892300180058912 1.2239909932067909448 
0.8528397473067415024 1.1607015575496166804 
0.8806421094393749316 1.1131352348844492095 
0.9114047669911801153 0.9898196023979961566 
0.9118930631427960565 0.9887279066129242011 
0.9860835596789452317 0.9582570915920097798 
