0. 4.6406487603697161859 
0.00003051850947599719 4.6341208820710093619 
0.00006103701895199438 4.1344621360225692896 
0.0001220740379039888 3.9844417410628114595 
0.0001831110568559831 3.9429134713554652158 
0.0007019257179479354 3.8625298113473407469 
0.0014954069643238624 3.8137056192301117541 
0.0015564439832758568 3.6434061278798135497 
0.0016785180211798456 3.4576539497840506065 
0.0021973326822717978 3.2834459178768962140 
0.0023499252296517838 2.5760671078212462604 
0.0062562944425794244 2.3754095634635454814 
0.1242713705862605739 2.2473374183973997553 
0.1272316660054322868 2.1419196619936893278 
0.1976378673665578067 1.9887963614119461564 
0.2678304391613513524 1.8022903853384524275 
0.3242286446729941707 1.7826355888977976072 
0.3713492233039338286 1.5701561716996401685 
0.5047151097140415432 1.4524371939679550092 
0.5276039918210394530 1.4058831586282276582 
0.6272469252601703404 1.2957127507114487575 
0.6277352214117862816 1.1879811189444016151 
0.7585985900448621866 1.0870307785658939181 
0.8329111606189153472 1.0839430196973571796 
0.8407238990447706284 0.9750387357873550043 
0.9514450514236885148 0.9345027172906597013 
0.9656361583300271389 0.9138201152145589701 
