0. 4.2134380363759582622 
0.0001220740379039888 3.3837146957464629970 
0.0004882961516159551 3.2904163479416999039 
0.0021362956633198035 3.2734364643530460270 
0.0024414807580797754 3.0819121684795591776 
0.0157475508896145512 2.4784300004400012796 
0.0692159794915616355 2.3739447039306202924 
0.0771507919553209021 2.3064115100366815447 
0.1318399609363078706 2.0311503850749086375 
0.1410260322885830142 2.0249842362538568175 
0.2501297036652729844 1.6762099144371396253 
0.3126926480910672268 1.6453150712567046199 
0.3145847956785790545 1.6302685111230439396 
0.4456923123874629855 1.5771711246313151467 
0.5025177770317698078 1.5438147531872432605 
0.5631580553605761708 1.5199713779203298802 
0.5687429425946837203 1.2536414613746940105 
0.6279793694875942522 1.2291390458083863990 
0.6888637958922085858 1.2182052298174439464 
0.7600329599902341249 1.2010272843060869619 
0.8126468703268532323 1.1808829549604182851 
0.8128910184026612029 1.1619255349718762282 
0.8131656849879451698 1.0953466240936617915 
0.8146000549333171081 1.0728396450555017783 
0.8146610919522691008 1.0451959801740393630 
0.8148442030091250787 0.8785480552175439772 
0.8158207953123569611 0.8775300869148547900 
