0. 3.8440114791690129792 
0.0000915555284279916 3.3677602712596450551 
0.0002441480758079775 2.7241500084610050791 
0.0372936185796685707 2.6137456686644520154 
0.1156651509140293604 2.5668055881364151283 
0.1257667775505844354 2.2637613238569831431 
0.2097537156285287085 2.0846718732605036273 
0.2655720694601275689 1.9838981544832752224 
0.2663960692159794697 1.8619613322466173066 
0.3759269997253333884 1.7485911634105670842 
0.3913998840296639692 1.6020462121561882540 
0.5512558366649372710 1.5668791639192938270 
0.6277657399212622780 1.5302386044356339756 
0.6609698782311471676 1.5200975850494560237 
0.6620990630817590317 1.4875965880243027239 
0.6941434980315561720 1.4581899224955943151 
0.7190771202734458356 1.2900378388318181067 
0.7869808038575395459 1.2866766224977514987 
0.8660237434003723589 1.2130079919733447458 
0.8757896664326914049 1.1345748809921460953 
0.8759422589800713865 0.9905250603404297527 
0.8798181096835230308 0.9814830246462558083 
