0. 3.4552161920687658458 
0.0001220740379039888 3.0120460774552366701 
0.0044251838740195929 2.8753415237199932974 
0.0626239814447462351 2.6952334490145855028 
0.1259498886074404134 2.2117572643627014806 
0.1261024811548203950 1.8246814143293450527 
0.3761101107821894218 1.3422406640104143083 
0.4386120181890316716 1.2639643007487615378 
0.6886196478164006152 1.1048968559555838453 
0.8790551469466231227 1.0721236570808385657 
0.9375286111026337465 1.0129248702618203204 
0.9385052034058656289 0.9550095410390702089 
0.9385357219153416253 0.8432350637476292432 
