0. 3.1308538973715140941 
0.0002441480758079775 3.1224141635835067632 
0.0312509537034211249 2.8369452216645707487 
0.0322275460066530350 2.8188081145980108388 
0.0675069429609057858 2.1793175778141060661 
0.2774742881557664687 2.1049954075355450378 
0.2775353251747184613 1.8887380171419909658 
0.3783379619739372091 1.8025778856158074515 
0.3937498092593157972 1.7634517690292845771 
0.4307992797631763904 1.7625401055128377958 
0.4327524643696402107 1.5838680465040433365 
0.4408093508713034625 1.5351313889398547907 
0.4427625354777672828 1.4612074939940276064 
0.6671346171452986473 1.4142753236425553709 
0.6905728324228644910 1.3684709233672682771 
0.6908169804986724616 1.2488350488163213470 
0.6925260170293282558 1.1475015302623554625 
0.7081514938810388182 1.0911156973251729951 
0.8780785546433912403 1.0317215910721535543 
0.9035615100558488377 1.0175572557690311104 
0.9405804620502334901 0.9589171734167477590 
0.9408246101260414607 0.8456987596778402505 
