0. 3.7494314612157100264 
0.0010376293221839045 3.7304517482880212853 
0.0019531846064638203 3.5492039351326116758 
0.0040589617603076266 3.4070982028543044251 
0.0117801446577349162 2.8402131121378628720 
0.0404980620746482750 2.7515063090784277477 
0.0703451643421735273 2.3600839883308930567 
0.1253089999084444628 2.0182225511779203764 
0.2891933957945493905 1.8499748075185287188 
0.2901394695883053321 1.8225229398609283926 
0.3148289437543870251 1.5636960568794511239 
0.4067201757866145684 1.5267432851015325657 
0.4378185369426557116 1.3828552372036893026 
0.5804925687429426384 1.3542742966326306586 
0.5979796746726889767 1.2300642595713724425 
0.8128299813837092103 0.9609979205337629837 
0.8479873043000579758 0.8509918198431142278 
