0. 3.6202339822550650972 
0.00006103701895199438 3.5074400919450963165 
0.0003051850947599719 3.4351396626115975330 
0.0005493331705679495 3.2703161712935213679 
0.0103762932218390454 3.2517386592965817904 
0.0151676992095706054 3.0053290953915383632 
0.0307931760612811661 2.8681825215669927154 
0.0318613238929410722 2.2103909843782783007 
0.1284829248939481916 2.1905364341567552522 
0.2198553422650837697 2.0812745057141710525 
0.2203436384166997386 1.9164660290445030277 
0.3477278969695120070 1.8591985699423927425 
0.3479720450453199776 1.6671697979837676318 
0.4586321604052858158 1.6394566929929359489 
0.5630054628131961891 1.5365156879836885384 
0.5943784905545212993 1.3157229727759580662 
0.6883754997405926446 1.2451846734001053019 
0.7193823053682057989 1.2061971640057107535 
0.7196264534440137695 1.1092730800589907236 
0.9380169072542496877 1.0708459871305358035 
0.9402142399365215342 1.0100657259907555030 
