0. 4.1133362729322922036 
0.0000915555284279916 3.6619917122833629541 
0.0004577776421399579 3.6180635719493556834 
0.0020447401348918119 3.2730449797003582368 
0.0021362956633198035 3.0216554941595328287 
0.0263679921872615741 2.7452337748158397446 
0.0454115421002838221 2.6480560082871877903 
0.0586565752128666018 2.3027819667372089185 
0.0615863521225623323 2.2884974681406760055 
0.2334055604724265265 2.2311897639738016430 
0.2599871822260200749 2.1238242758090417617 
0.2622150334177678621 1.9360406876392639575 
0.2727134006775109309 1.8471291552031505745 
0.2962126529740287673 1.7646003334512421201 
0.3040253913998840485 1.5862694427024726096 
0.3118381298257393297 1.5416516448247781224 
0.4184698019348734865 1.4919552870036809633 
0.4809717093417157363 1.4753079648153628600 
0.5137485885189367885 1.3924559913054515015 
0.6387524033326212880 1.3857991473006938676 
0.6389965514084292586 1.3458132769372426196 
0.6699423200170904202 1.3278337696489417308 
0.7520371105075228657 1.2692143512720761578 
0.7559434797204505063 1.1335377493247742464 
0.7561876277962584769 1.1309376097786629778 
0.7637562181463057875 1.1162615904698800495 
0.7727896969512009218 1.0365774832692695728 
0.8982818079165013625 1.0319999646046160713 
0.9179967650379955435 1.0059859698218700519 
0.9809869685964537345 0.9770769141699400251 
0.9814752647480696757 0.9518873177521228746 
