0. 3.4263193730445791196 
0.0002441480758079775 3.3059345755332070205 
0.0019531846064638203 3.2836322190245632591 
0.0078127384258552812 2.9096827251775270184 
0.0317392498550370800 2.8018256701535739772 
0.0347911008026368027 2.6883656839779872527 
0.0494399853511154549 2.3368004083323485887 
0.0644550920133060701 2.2400123467993142690 
0.0967436750389110978 2.2274888756322086536 
0.1593981749931333292 2.0934687704886862924 
0.2519913327433088157 1.9260576518034384641 
0.2798242133854182412 1.8330684546453825945 
0.2862331003753776915 1.7522853036693910589 
0.3831293679616687431 1.6669740199760696431 
0.3848078859828485965 1.5730806378778292576 
0.4096804712057863229 1.4755814303349770178 
0.5337992492446669290 1.4046104597296338312 
0.6270027771843623698 1.4025539293438176180 
0.6309091463972900105 1.3939279917425528854 
0.6567888424329355601 1.3243995899110354575 
0.7137363811151463677 1.1320826914586537004 
0.8770104068117313689 0.9970071643634478287 
0.9092074343089083799 0.9274208513089720052 
