0. 4.1820692180842158336 
0.0004882961516159551 3.4168337152062173700 
0.0005493331705679495 2.8543034036822434452 
0.0825830866420484005 2.3300037477770487726 
0.1410260322885830142 2.0928063662676334999 
0.1722769859920041391 1.8742474319243531688 
0.3150730918301949957 1.8067736134759007083 
0.3615833002716147271 1.7437918029737800030 
0.3754081850642414509 1.6961937956692065832 
0.3910336619159520133 1.6800514030154221068 
0.3934751426740317748 1.6767434593945713672 
0.4066591387676625757 1.6532589951896321523 
0.4220099490340891712 1.5920112215626347485 
0.4222540971098971418 1.5301649826124845699 
0.4222846156193731382 1.3373493568164804834 
0.4242378002258369585 1.3169072844690801194 
0.6943571275978881463 1.2342148346793404556 
0.7852717673268837517 1.1797197184535910264 
0.8127994628742332139 1.1610851347554225210 
0.8284249397259437764 1.1043054603582396211 
0.9074983977782524747 1.0908160026566151579 
0.9114047669911801153 1.0353725350507039238 
0.9222998748741111363 0.9757235906434573724 
