0. 4.3240718426760320625 
0.00003051850947599719 3.6070274482340427546 
0.0005188146610919523 3.4241539956319235749 
0.0006408886989959410 3.2730586100842056219 
0.0007629627368999298 3.2243050985642081052 
0.0056459242530594806 3.0672313293285831115 
0.0508438367870113206 2.8095285896037269779 
0.0990630817590868878 2.6739993463668403351 
0.1386761070589312417 2.5998737095024750943 
0.1635792107913449644 2.4531884910095751451 
0.2190313425092318411 2.4487581457535689822 
0.2255928220465712453 2.2693624101418867767 
0.2417065950498977767 2.1650511942076211547 
0.2589190343943602035 2.1511602124839455108 
0.2822962126529740545 2.0060051295368857005 
0.2857142857142856984 1.9645541889060949003 
0.3760795922727134255 1.6681292418314237480 
0.4068422498245185537 1.6532367873915327916 
0.4073305459761345504 1.5448106985872014363 
0.5353556932279427416 1.5335349991814053450 
0.6299630726035340134 1.5102451892931993971 
0.6611529892880031456 1.4059914116902572090 
0.6631977294228950104 1.3086296214672230587 
0.7256691183202612638 1.2797064064374064074 
0.8509781182287057266 1.1394483171689810952 
0.9082308420056764975 1.0937328217951323150 
0.9092989898373363689 1.0639056048050843373 
0.9114963225196081042 1.0185866175114182131 
0.9834589678640095478 0.9618857157255908952 
