0. 3.3235751276252498698 
0.00003051850947599719 3.2492919012173739901 
0.0029297769096957305 3.2234416182416754104 
0.0039368877224036378 3.1031442824595130148 
0.0078127384258552812 3.0474573293386630901 
0.0127567369609668264 3.0025737117533193299 
0.0312509537034211249 2.8615078386302448266 
0.0316171758171330947 2.6364522374304688590 
0.0627155369731742240 2.5668465972830962762 
0.0629596850489822085 2.4661942261054172754 
0.0646687215796380444 2.3655514808478725897 
0.1527451399273659360 2.2171548398212936881 
0.2152470473342081858 2.2099890075856882809 
0.2191228980376598301 2.2017597272725288882 
0.3125705740531632415 2.1408636325848409143 
0.3146153141880550508 1.7696886920416134981 
0.3146763512070070434 1.6779995533749252345 
0.3169957579271828196 1.5326849119527667931 
0.5646839808343760980 1.4765597818316340550 
0.5648060548722800833 1.3069687020677944744 
0.6310922574541459884 1.2981929929969109327 
0.7191991943113498209 1.1423333243206121867 
0.8146916104617450971 1.0754466822592105846 
0.8148136844996490824 0.9175643530764371336 
0.9435712759788812409 0.8419347566942957384 
