0. 3.2459391966054997880 
0.0001220740379039888 3.1155150628686958392 
0.0030518509475997192 2.8378579599834869995 
0.0245063631092257463 2.7079759034057939715 
0.0876796777245399395 2.1475345190241439397 
0.1335184789574877240 1.8592824817667557014 
0.3376873073519089386 1.6601713620521603154 
0.3844416638691366406 1.6045940302959373902 
0.4009826960051270928 1.5774136467987547316 
0.4087954344309823740 1.4916814439077235033 
0.4702597125156407487 1.3911161073601181481 
0.6179387798699911283 1.3333327028022352589 
0.6329538865321817642 1.3289296156785199710 
0.6333201086458937201 1.3115310419018935129 
0.6333506271553697164 1.2979166070466958693 
0.6334421826837977054 1.1216689381960467386 
0.6334727011932737017 1.0438532332740362296 
0.9088106936857204277 1.0400377718678810446 
0.9166234321115757089 1.0056566524731413992 
0.9644764549699392786 0.9699771230963465385 
0.9693594164860988016 0.9643771665067175647 
0.9703360087893306840 0.8918059242073936854 
