0. 3.2108860575663276116 
0.0001831110568559831 2.9146924606600639329 
0.0011597033600878933 2.9137345548003743545 
0.0031128879665517136 2.8571536725588071448 
0.0687276833399456805 2.6893927066399205827 
0.1152073732718894017 2.5533633620752453908 
0.1607409894100772230 2.4000547043543498660 
0.1617175817133091331 2.3335524951980897157 
0.1619617297891171037 2.3087542602172419492 
0.2190008239997558448 2.2915667337940921477 
0.2678609576708273488 2.2365200222333361246 
0.3130283516953031864 2.1258863403934413760 
0.3449812311166722822 2.1074091546525681728 
0.3450422681356242749 2.1032546520772945620 
0.3525193029572435410 2.0585669999400622032 
0.3557237464522232662 2.0279494022621653571 
0.3558458204901272515 2.0274870467843681965 
0.3564256721701711816 2.0194380021769919864 
0.3804742576372570073 1.8871557518101296225 
0.4109927671132541649 1.6934455862570454432 
0.6385387737662892027 1.6665110877712305815 
0.6404919583727530785 1.6295219267584433176 
0.6618549150059510611 1.5713229265300094894 
0.6619769890438550464 1.2964294300765757395 
0.7866145817438275900 1.2069393157022956231 
0.7869808038575395459 1.0459112745634202568 
0.9110080263679921630 0.9769614350534620017 
0.9119846186712240454 0.9571194327075492891 
