0. 4.1043101606641680945 
0.00003051850947599719 3.3413072611926089017 
0.0024109622486037782 3.0906929238144931205 
0.0050965910824915311 3.0869256573221486306 
0.0208136234626300869 2.9517162548094684205 
0.0630512405774101975 2.4794383484443303089 
0.1274758140812402851 2.4313397236240215093 
0.1875057222205267493 2.0514781944543813985 
0.2504959257789849403 1.9706906375230561768 
0.2505264442884609366 1.7393295999197313506 
0.2508011108737449035 1.5915969268651770641 
0.2547074800866725441 1.5256211706053810495 
0.4108096560563981869 1.3185486206749670313 
0.5008087405011139026 1.1945255487862123100 
0.7505111850337229384 1.0730786451927389891 
0.7508163701284829017 0.9573630929036361925 
0.9376812036500137282 0.9368037596503882014 
