0. 4.1613082127413729694 
0.0005493331705679495 3.9688424265360762178 
0.0012817773979918821 3.5920454806640358392 
0.0054933317056794946 3.5693981617749570567 
0.0072328867458113346 3.3738608445907249944 
0.0078432569353312793 3.0578637099031555913 
0.0558488723410748636 2.7802976825332250677 
0.0703451643421735273 2.7488371793611334759 
0.0884731589709158578 2.4528017556089163342 
0.0899075289162877267 2.2718522872771682586 
0.1432538834803308292 2.2322286234695876139 
0.2056642353587450900 2.2149135905131194235 
0.2057863093966490753 2.1183494341721669230 
0.2134769737846003712 1.9078649929502846660 
0.3067110202337717806 1.8700846941996993600 
0.3403729361857966706 1.6113028794232084895 
0.3873714407788323433 1.4370394239641446354 
0.3878597369304483400 1.2921949311740532629 
0.5742362743003631698 1.2603658833080089163 
0.6919461653492843256 1.1932975719193499309 
0.7617725150303659154 1.1868367116945963691 
0.7622608111819818566 1.1270856812562930482 
0.7647022919400616736 0.9990638235959583557 
0.7649464400158696442 0.9367452654832993941 
0.8868984038819544002 0.9292607400990572364 
0.9025238807336649627 0.8702342566833070059 
0.9453413495284890278 0.6407252091400315042 
