0. 4.1357452777868388694 
0.0002441480758079775 3.9999520171913989230 
0.0005188146610919523 2.9389443914973738536 
0.0317697683645130763 2.7078176657430446106 
0.0686056093020416952 2.6852621999430077437 
0.1264076662495803582 2.3511805576308812959 
0.1274758140812402851 1.9970141199197664061 
0.1317484054078798816 1.9774418824149808671 
0.1973937192907498361 1.8716253926555741494 
0.3752861110263374655 1.7372009328240938242 
0.3757744071779534067 1.6473412004992549207 
0.3767509994811853447 1.5644464610936654747 
0.3774834437086092564 1.5131926809055014083 
0.3775139622180852528 1.5044874021382215190 
0.3787041840876491650 1.4632391877107211453 
0.3817560350352488530 1.3161949791840996671 
0.6255989257484664279 1.2592505055973213235 
0.6276741843928342890 1.1924049203941187169 
0.7638782921842097728 1.1606080636599385158 
0.7643665883358257140 1.1454429000052448462 
0.7720877712332530063 1.1127503766519910577 
0.8755149998474074380 1.0246549629134711346 
0.8755455183568834343 0.9226712541751892482 
0.8756065553758354270 0.8570154707146964146 
0.8774987029633473101 0.8341813774306268137 
0.8775292214728233064 0.8022754224691195368 
