0. 4.0503523835482084792 
0.0000915555284279916 3.0064909399369414977 
0.0088198492385631894 2.8480057159060896410 
0.0297250282296212670 2.7625481620070968525 
0.1256752220221564464 2.5279444741153564991 
0.1296731467635120760 2.3519768356839443335 
0.2504959257789849403 2.1493008324451232660 
0.3130283516953031864 2.0585544493399039467 
0.3713187047944578323 1.9799735618013327709 
0.3947569200720236759 1.9650009269109922627 
0.3952452162236396172 1.9217230320027478552 
0.3972594378490554301 1.9032930191807015952 
0.3995788445692312618 1.5999933312072338598 
0.6412549211096529866 1.4449562597220657611 
0.7696768089846491856 1.4025400387951565406 
0.7702261421552171194 1.3201615039111083139 
0.8088320566423535807 1.2796388974409400596 
0.8796044801171910565 1.2752724480318187172 
0.8912625507370219857 1.1623963795563794221 
