0. 3.9412339790979782350 
0.0004272591326639607 3.8488683605822506806 
0.0009155552842799158 3.7244088674988766741 
0.0009765923032319101 3.7140418898721700991 
0.0010376293221839045 3.5943303689035377424 
0.0010681478316599017 3.4933834003943662338 
0.0010986663411358989 3.4545075334511148313 
0.0027466658528397473 3.3181888486742163735 
0.0046998504593035676 3.0672235089070656322 
0.0048219244972075564 3.0147728137980709384 
0.0066530350657673879 2.6108811475890099096 
0.0145878475295266579 2.5463551201068796992 
0.0977202673421430079 2.4684312573742328567 
0.1105380413220618252 2.2074052843203069152 
0.2138126773888363308 2.0634656256860886003 
0.2697225867488631801 1.6598028758808596184 
0.2716757713553270004 1.6261051444896645890 
0.3595690786461989141 1.5988524502471999078 
0.3712881862849818360 1.4646572468842693482 
0.5456099124118778398 1.4626636667751371501 
0.6105533005767997956 1.4033175008321374655 
0.7501449629200109825 1.3649703607360377244 
0.7501754814294869789 1.3094690938923381207 
0.7560655537583544916 1.2843673085963895897 
0.7572862941373943446 1.2604857784768015438 
0.7658314767906735376 1.1380237827133723449 
0.8595843379009369123 1.0142419902101642570 
0.8598284859767448829 0.9828463789273598206 
0.8713034455397198341 0.9333487187736247970 
0.9848323007904293824 0.8957323630514920643 
