0. 2.5725419708432477606 
0.0003662221137119663 2.5075977689155446448 
0.0003967406231879635 2.4997644519151598352 
0.0007324442274239326 2.4434911639525549454 
0.0007629627368999298 2.2589041988151969953 
0.0009765923032319101 2.1750993192737464454 
0.0027161473433637501 2.1366648703045840740 
0.0028077028717917417 2.0316115408127970454 
0.0048219244972075564 2.0297161678299620036 
0.0064394054994354076 1.9621116332474244359 
0.0067140720847193823 1.8209572404474791973 
0.0154728843043305773 1.7519918489642289927 
0.0614337595751823506 1.6439751073064068354 
0.1395611438337351629 1.6296881075982279086 
0.1910153508102664377 1.5903168923314803251 
0.1949217200231940783 1.5558343805246916958 
0.2573931089205603317 1.5204393546237733314 
0.2574236274300363281 1.3406051616342224975 
0.2926419873653370862 1.3284470859962032030 
0.5028229621265297711 1.3171899472673744835 
0.5048371837519455285 1.2966297778438824473 
0.5065157017731254374 1.1990132173998870879 
0.5074007385479293308 1.1669163962230137965 
0.6278267769402142706 1.1094493164702727839 
0.6393322550126652182 1.0867919095965403731 
0.7567979979857784034 0.9604610305272787141 
