0.00006103701895199438 3.4283693827457009107 
0.0000915555284279916 3.1476444711769473450 
0.0002136295663319803 2.6588003287710177958 
0.0005188146610919523 2.5810554165969810114 
0.0006103701895199438 2.3348776917557851895 
0.0007324442274239326 2.2824859651800597504 
0.0009460737937559130 2.2227594181050673860 
0.0015259254737998596 2.0434500223658305096 
0.0023194067201757866 2.0054931935832525092 
0.0026245918149357585 1.9040817153910980508 
0.0027466658528397473 1.8820343695050065769 
0.0038453321939756462 1.8740902440102880089 
0.0136722922452467421 1.8320271357042283711 
0.0175176244392223901 1.8215937013755443274 
0.0191045869319742441 1.7931105390796384658 
0.0193487350077822216 1.7287875139147541592 
0.0662862025818659051 1.6735228407803888206 
0.0798974578081606546 1.6404192843476137487 
0.0857570116275521155 1.6085565103244729990 
0.1338541825617236836 1.5298791054193006111 
0.1442304757835627393 1.4705859214148075953 
0.2061220130008850349 1.4359099822486562914 
0.2068544572283089744 1.3914978416449310661 
0.2691122165593432536 1.3060875111966270268 
0.5034943693350016902 1.2095338293113628847 
0.5037995544297616535 0.9937138855135029258 
0.5192419202246162380 0.9033626424380584163 
0.7692800683614612334 0.8002862460626872787 
0.7770622882778405183 0.7513042922689664449 
