0. 2.5677116274468740897 
0.00006103701895199438 2.3857467299122361304 
0.0002441480758079775 2.2682533634676627088 
0.0004272591326639607 2.2174690289638578911 
0.0010681478316599017 2.1973489512967203652 
0.0014038514358958708 2.1705641634265036011 
0.0015564439832758568 2.0854814530377052684 
0.0049134800256355480 2.0551331252292808216 
0.0054628131962034974 1.9932547113363365820 
0.0080263679921872624 1.9155457920750464940 
0.0083925901058992287 1.6124730183980993114 
0.1333964049195837387 1.4685179997682511477 
0.2869655446028016033 1.4313278295210205560 
0.3828852198858607725 1.2485774479979163676 
0.3836481826227606806 1.2263363326246861096 
0.5240333262123477720 1.2200510439762750625 
0.5395977660451063418 1.1883454803280606438 
0.5715201269569993858 1.1471065953335142229 
0.6340220343638416356 1.1038303682065473410 
