0. 2.3039180504355201151 
0.00003051850947599719 2.2943888798127507478 
0.00006103701895199438 2.2856451146098368810 
0.0000915555284279916 2.1499516980885666761 
0.0001220740379039888 2.1319789195503515700 
0.0023499252296517838 2.0612979679486342910 
0.0038148136844996490 1.9506631864478924943 
0.0040284432508316294 1.9002170493019128195 
0.0040589617603076266 1.8223292634091481368 
0.0068361461226233711 1.7786430816369307450 
0.0196539201025421918 1.7303032604208223866 
0.0196844386120181881 1.5829953137636476601 
0.2501602221747489807 1.5410635782089290302 
0.2540665913876766213 1.3768178751921096303 
0.2541276284066286140 1.3608246918360438205 
0.3798638874477370253 1.3501998706673670192 
0.3927121799371318667 1.3491658848091585554 
0.5000457777642139945 1.2786658560011019414 
0.5040742210150456204 1.1796481728075272066 
0.5041352580339976130 1.1169279526225668331 
0.5070039979247413786 1.0285705559286586475 
0.5207373271889400579 1.0009423878313052914 
0.6251716666158024793 0.9609042545387228573 
0.6290780358287301199 0.8976604017376249578 
