0. 2.7487453209336978332 
0.00003051850947599719 2.2196937794044533376 
0.00006103701895199438 2.0827955442889227733 
0.0000915555284279916 1.8398907464097722375 
0.0003357036042359691 1.8344850219999790930 
0.0005798516800439466 1.7404265758962782495 
0.0007019257179479354 1.7379069086199097072 
0.0018005920590838343 1.7224510763452958173 
0.0032654805139316996 1.6730992603915997297 
0.0044557023834955901 1.6252441526779575209 
0.0115359965819269387 1.6216930311582271607 
0.0166936246833704650 1.5972533313858883197 
0.0171819208349864201 1.4565029437803775902 
0.1255836664937284575 1.3573936448418535416 
0.2512894070253609002 1.2429318273428995312 
0.2544633320108645735 1.1394784407473630416 
0.2610553300576800018 1.0425308033222642212 
0.5000457777642139945 0.8687384692439913403 
0.5017853328043457850 0.7998081752752228546 
0.7509689626758628833 0.7758468790903403356 
0.7665334025086214531 0.7633756732681953316 
