0. 2.4148170520593152943 
0.00006103701895199438 2.1427957476194721131 
0.0029602954191717276 1.9916329234364096301 
0.0099185155796990884 1.9849407411785424671 
0.0100711081270790735 1.9185547861976881556 
0.0205084383678701132 1.8120458255065450270 
0.0297555467390972633 1.7752862174551840013 
0.0725730155339213284 1.7368388265054672814 
0.0929593798638874425 1.6947774289536525760 
0.1477095858638264036 1.5000865176214988050 
0.2600787377544480639 1.4067550674355793205 
0.4016235847041230711 1.4036195491132250623 
0.4531388286996063108 1.3332153316208668059 
0.5000762962736899908 1.3156557279476857047 
0.5001068147831659871 1.2936129531179760832 
0.5030976287118137380 1.2267969068437245550 
0.5194555497909482122 1.2243967296722031435 
0.8390453810235908305 1.1538324420719350272 
