0. 3.2853680584860929237 
0.00003051850947599719 2.9065931436499212737 
0.00006103701895199438 2.0624118701897904415 
0.0001525925473799860 1.9957648849111229161 
0.0009765923032319101 1.9665810870456335024 
0.0010376293221839045 1.9510783487772391798 
0.0017395550401318400 1.9029780138727165895 
0.0037232581560716575 1.8530045070157579179 
0.0108035523545030061 1.6921927649503030189 
0.0362254707480086646 1.6561745574554680438 
0.0642719809564500921 1.6125398109277981895 
0.1311990722373119200 1.6072625796614641302 
0.1617175817133091331 1.5779312691280900083 
0.2200384533219397476 1.5562050511822651533 
0.2517166661580248488 1.4184266893856067870 
0.2518692587054048304 1.3660032248655955556 
0.2883083590197454971 1.3649228872364540521 
0.3240455336161381927 1.3488626665020140294 
0.5009002960295418916 1.3041422112082050599 
0.5010528885769218732 1.2479135271844521426 
0.5017242957853937924 1.2220170916529620175 
0.5028229621265297711 1.0596775779795633010 
0.5330362865077669099 1.0173217738125588383 
0.5677053132724997342 0.9608716865503523774 
