0. 2.8450301659680734545 
0.00006103701895199438 2.5039747108526495545 
0.0002136295663319803 2.1440247990038927561 
0.0006714072084719382 2.0613729476206166247 
0.0009460737937559130 1.9379285541280542038 
0.0084536271248512231 1.8607490216675590666 
0.0087588122196111950 1.7709303263376328097 
0.0097354045228431052 1.7347645373312086114 
0.1572008423108615383 1.7001132898171513741 
0.1579332865382854778 1.5486904122063145373 
0.2604754783776360161 1.5337628727650014504 
0.3788872951445051429 1.3564054649776768890 
0.5007171849726859136 1.2705430034890745627 
0.5019379253517257666 1.1772117946476412520 
0.6579485457930234205 0.9179410647435446435 
