0. 2.7639372244783704247 
0.00006103701895199438 1.9580420069532407101 
0.0019531846064638203 1.8700120527764310108 
0.0025025177770317698 1.8686617946525871936 
0.0026245918149357585 1.8279025282448040368 
0.0114749595629749443 1.7996261526198458203 
0.0448622089297158744 1.7978138627406283767 
0.0658589434492019427 1.7841485055373063062 
0.0786767174291207599 1.7415512632955487682 
0.0801416058839686252 1.6934531154837577649 
0.0964995269631031272 1.6165284699020985304 
0.1269569994201483198 1.5666187931006563261 
0.1272011474959562904 1.4360596563167231654 
0.2523880733664967679 1.3818796932915944353 
0.2526322214423047385 1.3767019750366311648 
0.2586138492996001848 1.3210414849874252408 
0.2597125156407361080 1.3042452666730379729 
0.2603228858302560345 1.2988910488886442618 
0.2605670339060640051 1.2817946690493771111 
0.3848384044923245928 1.2795370521045383860 
0.3849604785302285781 1.2414492603916300606 
0.5025177770317698078 1.2064644768378092188 
0.5027619251075777784 1.1849665453849380636 
0.5034333323160496976 1.1707662551020796560 
0.5116733298745689273 1.0532036540244418266 
0.7512436292611468502 1.0246140914071046879 
0.7586291085543381829 1.0177872514318062613 
