0. 2.2081730673101516160 
0.0001220740379039888 2.1486139383432250050 
0.0001525925473799860 2.1196742188550699026 
0.0001831110568559831 1.9978906966116267707 
0.0012817773979918821 1.8791986634545561063 
0.0058290353099154637 1.8581499070403935114 
0.0628681295205542195 1.7505318340877644712 
0.1251564073610644812 1.6085706537484900647 
0.1273842585528122684 1.5921272220270217268 
0.1308328501235999641 1.4540022713941425092 
0.2511368144779809186 1.4171077373286531387 
0.3780938138981292385 1.2447000941592485379 
0.5011139255958738659 1.0984534617306489501 
0.5347148045289468188 1.0683736213478189914 
0.6306039613025299362 1.0471823971868612357 
0.7650074770348216369 0.9938429127897620008 
