0. 2.4817504575145514778 
0.0002441480758079775 2.3835718812390194188 
0.0003662221137119663 2.2590030407363332898 
0.0004272591326639607 2.1987984276980876430 
0.0010681478316599017 2.1938547040298690405 
0.0011902218695638905 2.1351799617433595557 
0.0023804437391277810 2.0095118287625797215 
0.0049439985351115452 2.0030057574097490658 
0.0077517014069032868 2.0019242752177341948 
0.0160527359843745249 1.9957188498812785671 
0.0629291665395062122 1.8673428704786998455 
0.0752586443678090744 1.7144361235547787015 
0.0908841212195196369 1.6055192738427503940 
0.1377910702841273205 1.5577598024965841894 
0.2549516281624805703 1.4891496940604587174 
0.3760490737632374292 1.4856018842450358086 
0.3796197393719290547 1.3617220586833085338 
0.4387951292458876495 1.3206768230793910490 
0.5049592577898495138 1.2535316931147062469 
0.5725577562791833719 1.0634554190401062090 
