0. 2.6427524327987685915 
0.00003051850947599719 2.4031880550896720372 
0.0000915555284279916 2.0282793865168704528 
0.0162663655507065026 2.0239985033975376183 
0.0168767357402264465 1.9898879744449999851 
0.0178228095339823603 1.9698345815040114726 
0.0215460676900540195 1.9592555351574210132 
0.0342417676320688480 1.9086179034417578570 
0.0342722861415448443 1.8575415628184168693 
0.0343638416699728402 1.8031295462417107345 
0.0938444166386913636 1.6578679693868620948 
0.1576586199530014831 1.6463936680228046239 
0.1594286935026093255 1.6430664090787141518 
0.1917172765282143532 1.6201432613183832654 
0.2544938505203405699 1.5263992206024488141 
0.2549516281624805703 1.4984295811386567632 
0.2843714712973418601 1.3905219793940866158 
0.4424573503830073196 1.3858771891730576886 
0.4854274117252113663 1.2852296146487622863 
0.4874111148411511829 1.1580634359900214836 
0.6374706259346293313 1.0210657597329562130 
