0. 2.2293886932079480800 
0.0001220740379039888 2.1186088065229071731 
0.0002136295663319803 2.0339758861617509567 
0.0008239997558519242 2.0013739841555651111 
0.0019226660969878231 1.9807681882903378501 
0.0038758507034516434 1.9573075751418462786 
0.0053407391582995087 1.8385741935886557030 
0.0079958494827112644 1.8270904947795163498 
0.0125431073946348469 1.6943709314704920033 
0.0634479812005981636 1.5909892821171154331 
0.1016876735740226412 1.4616174082646620214 
0.2519302957243568231 1.3065096953783257305 
0.5008392590105898989 1.0916421655475350150 
0.5126804406872768061 0.9915269754590088080 
