0. 3.5388853167032019442 
0.00003051850947599719 2.9299021144533337058 
0.0001220740379039888 2.5310261614737896707 
0.0003662221137119663 2.4783384018688638939 
0.0003967406231879635 2.4124920476209572584 
0.0005798516800439466 2.2538843719932231124 
0.0006103701895199438 1.9719469241244227398 
0.0146183660390026560 1.9556738305484544504 
0.0229804376354258849 1.8489228860973900836 
0.0631122775963621901 1.8020017312677691912 
0.1268349253822443346 1.7492298045167584686 
0.1295205542161320944 1.7485385889235289802 
0.1300088503677480356 1.7250591682194940102 
0.1368755149998474030 1.7097652118430399781 
0.1373638111514633720 1.6783991330564691502 
0.1765190588091677670 1.6487093252000957211 
0.1906186101870784577 1.6320902093342160022 
0.2506179998168889256 1.5550049972738313464 
0.2550126651814325629 1.4684448033019006363 
0.2705771050141911327 1.3843363065998697259 
0.3800164799951170624 1.3053293296926047340 
0.5006256294442579247 1.2280648109203176066 
0.5079500717184972647 1.1864938440028116595 
0.5083468123416852169 1.1846599478551202988 
0.6423535874507888543 1.1707435162594910238 
0.6905117954039124983 1.0712979023807196466 
0.6906338694418164836 1.0398499311877902329 
