0. 2.5923369075068167788 
0.0002441480758079775 2.2278793817211304251 
0.0002746665852839747 2.2228497675289129454 
0.0004882961516159551 2.1542789637490740162 
0.0009460737937559130 2.0997548809891810606 
0.0021668141727958006 1.9866531984021538193 
0.0024719992675557726 1.9648188615897930198 
0.0025940733054597613 1.8582036832842621088 
0.0038148136844996490 1.8512255657070595394 
0.0065004425183874020 1.7743184436155328143 
0.0420545060579241292 1.7734545532501351239 
0.0576494644001586953 1.6912969326089124511 
0.1278420361949522410 1.4980585750766453046 
0.1291848506118961071 1.4462989535800017116 
0.2541581469161046103 1.4210856762964676481 
0.3791924802392651062 1.2573509062936463199 
0.5013275551622058401 1.1452863349136939153 
0.5065157017731254374 1.1161323668192479896 
0.5576952421643727176 1.0307740341561335562 
