0. 3.1184749585106126268 
0.00003051850947599719 2.5114905102615292520 
0.0006714072084719382 2.3121242285896395074 
0.0007324442274239326 2.2065774913527227419 
0.0019226660969878231 2.1298484747077703894 
0.0026856288338877529 2.1257762323685351902 
0.0041810357982116153 2.0237735427975755975 
0.0044251838740195929 1.9731132956736976425 
0.0253303628650776713 1.8704918172058713210 
0.0411084322641682154 1.7843625739658335316 
0.0556047242652668860 1.6858529933614141427 
0.1297036652729880724 1.6400019954997582250 
0.1484725486007263395 1.6279398559408218006 
0.1803033539841914223 1.6169286802739308850 
0.2505264442884609366 1.5820465807120291934 
0.2519302957243568231 1.5487259117217091475 
0.2546464430677205515 1.4995535938545381249 
0.3906674398022400574 1.3070201726237788975 
0.5019379253517257666 1.2625184551990453752 
0.5057222205267494219 1.2283666167100468769 
0.5092623676259651066 1.1337554149308557427 
0.7558519241920224063 1.0389227012344064427 
