0. 2.4463563530591638795 
0.00003051850947599719 2.4439747098764939004 
0.0001220740379039888 2.3861999558233759622 
0.0001525925473799860 2.1324536459702465585 
0.0009765923032319101 2.0464707740137710878 
0.0010071108127079073 1.9519868228869536875 
0.0019837031159398175 1.9440644163160523128 
0.0022583697012237922 1.9277782645141128270 
0.0029297769096957305 1.9190622793149270109 
0.0042725913266396069 1.8329421945732862209 
0.0052491836298715171 1.8277814460559058673 
0.0057374797814874721 1.8230493069228128622 
0.0087893307290871914 1.6715133470342176114 
0.0705587939085055155 1.6417214164784323938 
0.0721152378917813697 1.6253791020719750016 
0.0968962675862910794 1.6033106272485628807 
0.1260414441358684023 1.4903892668475278160 
0.1494186223944822534 1.4774048986520880167 
0.2512894070253609002 1.4271043474106273052 
0.2588579973754082109 1.3176842734634957033 
0.2588885158848842072 1.2345632477893830892 
0.2634968108157597633 1.0903483737625656591 
0.5088045899838251618 1.0405889583474798865 
0.5244300668355357242 0.9581049925325191285 
