0. 3.5258339182714313331 
0.00003051850947599719 2.9390555362274577433 
0.0001220740379039888 2.7212330404673861217 
0.0001525925473799860 2.4705923885402234497 
0.0007629627368999298 2.3190282656392917637 
0.0009155552842799158 2.3068837830766404373 
0.0009460737937559130 2.0508183605535492688 
0.0043336283455916013 2.0173692512364005402 
0.0043641468550675985 1.9527522101636300977 
0.0046082949308755760 1.9364690605463137363 
0.0047303689687795648 1.9245571840548725273 
0.0047914059877315592 1.7741169375472065628 
0.0672933133945738116 1.6195365860613757380 
0.0962553788872951427 1.5825512087249795634 
0.1307718131046479715 1.5737621849514846772 
0.1923581652272103038 1.5152205467207273681 
0.2545854060487685588 1.3327185718520515589 
0.2547379985961485405 1.3153335301319206696 
0.2859889522995696654 1.2158208331964102111 
0.5007171849726859136 1.1648002572698366031 
0.5009613330484938842 1.0777152905717739539 
0.5832392345957823077 1.0609062963543114400 
0.7509689626758628833 1.0319084586328544084 
