0. 3.0140542997948949200 
0.00003051850947599719 2.4428117996508009746 
0.0000915555284279916 2.4338077051950848251 
0.0001525925473799860 2.3125704863907516895 
0.0001831110568559831 2.2792485938212370122 
0.0003662221137119663 2.2365667418378571973 
0.0005188146610919523 2.2306360821286399521 
0.0006714072084719382 2.2287645863245617583 
0.0015564439832758568 2.1017117869762063087 
0.0027771843623157445 2.0960010910539508266 
0.0037232581560716575 2.0834106178205757942 
0.0054628131962034974 2.0625482997041602040 
0.0156559953611865588 1.8985275066981026626 
0.0683614612262337107 1.8897919343518134738 
0.0782799768059327938 1.7735690333462896806 
0.1407818842127750436 1.6420927793934025907 
0.1994079409161656491 1.5661814814201928669 
0.2574236274300363281 1.4904869662803392760 
0.5000457777642139945 1.3133044189034495108 
0.5006561479537339210 1.2978042053079670293 
0.5037385174108096608 1.2951338657552857736 
0.5093234046449170993 1.2026245517911298144 
0.5171971800897243732 1.0682500814016397950 
0.7500534073915829936 1.0596928550779360911 
0.8125553147984252433 1.0306800989680240388 
