0. 3.3717080788808750924 
0.00003051850947599719 2.5310525209371208533 
0.0001525925473799860 2.3510198305587239886 
0.0010071108127079073 2.3402756318821391623 
0.0010376293221839045 2.2338186535635053964 
0.0010681478316599017 2.0908867206855630272 
0.0112918485061189611 2.0394270023711191797 
0.0193182164983062218 2.0222220495022109610 
0.0343333231604968439 1.9362134538930360073 
0.0345774712363048214 1.7972523378731606325 
0.1260109256263924060 1.7775952174506728376 
0.1275063325907162814 1.7463524505840686274 
0.1286965544602801659 1.7447983305524619180 
0.1750846888637958843 1.6914003517585440850 
0.1900692770165105239 1.5699859574173828935 
0.2530899990844447389 1.5100142710841701898 
0.4250923184911649111 1.5036765140457573064 
0.5005340739158299357 1.4974300376112290589 
0.5010223700674458769 1.2610182424760254527 
0.5030976287118137380 1.2480677177059220639 
0.5343485824152348629 1.2090348726667421442 
0.5346842860194708225 1.1521427476323113925 
0.5490890224921415319 1.1093699130008394249 
0.7510299996948148760 0.9762176825668095192 
0.7588427381206701572 0.9012590732567530294 
