0. 2.5614416522931500175 
0.0002441480758079775 2.2887284421732774220 
0.0009460737937559130 2.2405620781180037859 
0.0009765923032319101 2.0782046757510230783 
0.0045777764213995788 1.8832891630007204675 
0.0049439985351115452 1.7542139890476382558 
0.0361339152195806757 1.7247988783432717241 
0.1267738883632923419 1.5963629804870240747 
0.1777092806787316515 1.5764131881238567789 
0.2508011108737449035 1.4172301209751287931 
0.3180028687398907539 1.2765687764087614298 
0.5039216284676656388 1.2309743947545950249 
0.5050813318277534991 1.2105481199419987348 
0.5053559984130374660 1.1715886279876834841 
0.5055696279793694403 1.1585875848297610968 
0.5093539231543930956 1.1482176664356025242 
0.6299020355845820207 1.1298594204296352750 
0.7705618457594530790 1.1209845690502007187 
0.7707144383068330606 0.9159916269902411701 
