0. 2.6933005557525810936 
0.0003357036042359691 2.5067769436412530304 
0.0018005920590838343 2.4685302007671374724 
0.0312509537034211249 2.4401014962804925545 
0.1694387646107364254 2.3402763665751868949 
0.1972411267433698545 2.1258023049484506828 
0.2309335612048707409 1.9107602303739665839 
0.3520310068056275998 1.8587839706992408395 
0.3575243385113071049 1.8511767541746293464 
0.4147160252693258275 1.7321196169866959202 
0.4472182378612628573 1.6823372929364586170 
0.4690084536271248439 1.6450059364600058132 
0.4694662312692647887 1.5488721440141584029 
0.4712973418378246238 1.4872645270663182870 
0.4807275612659077657 1.4249427343275349322 
0.8454237495040741734 1.3495336548286689382 
0.9068575090792565518 1.3085083599473423810 
0.9112216559343241373 1.2917325464937967627 
0.9208960234382153054 1.2479353371023911290 
0.9462569048127689175 1.1489907324510193476 
0.9704886013367106656 1.0543661389291234531 
0.9724417859431745414 0.9802626683299826560 
0.9830927457502975919 0.9794176794051004942 
