0. 2.4580438898260763558 
0.0073244422742393261 2.4061735144481484205 
0.0156254768517105624 2.3968100408079817676 
0.0313119907223731175 2.3846756967559792351 
0.0626239814447462351 2.2304110586153624851 
0.1308633686330759605 2.1154517448514997824 
0.2386547441022980331 1.9870536344508240578 
0.2504959257789849403 1.9529785403852000236 
0.2515335551011688708 1.8937129226280000616 
0.2576372569963683023 1.8673360013869646501 
0.3396404919583727588 1.7239229041853456614 
0.4697408978545488112 1.6814303104215038154 
0.4729148228400524845 1.5655925834964541377 
0.4885402996917630469 1.5068920542085326719 
0.5000152592547379982 1.4675136569379523266 
0.5001678518021179798 1.2805391333278492993 
0.6971953489791558045 1.2723031405555460527 
0.7343974120303964348 1.2215851492071863049 
0.8281502731406598095 1.0922526905703557887 
0.8283944212164677801 0.8736210562039684602 
