0.00003051850947599719 3.5956122506662366867 
0.0000915555284279916 2.9321584919721628282 
0.0002136295663319803 2.7387514835919892775 
0.0025025177770317698 2.7286483235317566809 
0.0112918485061189611 2.6856268752611871520 
0.0165105136265144801 2.5302222550674211554 
0.0181585131382183303 2.4921630099908287370 
0.0815454573198644978 2.4291112699264028052 
0.1250343333231604959 2.3920756262175655316 
0.1269875179296243162 2.2137571181899602379 
0.1314127018036439221 2.1680058570011269126 
0.1511581774346140994 2.1191415576123886488 
0.1512802514725180847 2.1009280330918298496 
0.1825312051759392096 2.0550472203492131662 
0.2834864345225379112 1.9290128760348359549 
0.3737601855525375938 1.8470071461196677642 
0.4538102359080782300 1.8468033717686112016 
0.5007782219916379063 1.6687827653938780426 
0.6082644123661000712 1.6555288665475507148 
0.6253852961821344536 1.6339769328323279218 
0.6258735923337503948 1.4688424959357302413 
0.6579790643024994168 1.4161940301857041113 
0.6605731376079592154 1.1926082478588104774 
0.8560747093111972239 1.1910521526131399028 
0.8751182592242194858 1.0314121803808340427 
