0. 2.8307948598411147856 
0.00003051850947599719 2.5017899199131634624 
0.0162053285317545100 2.4525795880962939499 
0.0184026612140263078 2.3329481994280678592 
0.0689413129062776547 2.1322621233943910290 
0.1258278145695364281 2.1261282385771425041 
0.1410870693075350069 2.1180973982350543849 
0.2501297036652729844 1.8738404486757496148 
0.3985412152470473313 1.7686481029875544824 
0.4591509750663777534 1.7432940988896394874 
0.4876857814264351498 1.6638946907575509204 
0.4904019287697988783 1.6468950876707935116 
0.5004119998779259504 1.6308337591294350677 
0.5008087405011139026 1.5836283422791161968 
0.5013885921811578328 1.5798406235503079653 
0.5082247383037812316 1.3818503126900831823 
0.6267586291085542882 1.2815851861594227401 
0.7515793328653828098 1.1989900300194711313 
0.7599414044618061359 1.1058358754912716027 
0.8229316080202643269 1.0389287455365601165 
