0. 2.6458116502831376948 
0.0001220740379039888 2.5384637083333183583 
0.0011902218695638905 2.4663813643103562612 
0.0050965910824915311 2.2207608806907335186 
0.0113528855250709555 2.2171596925578751502 
0.0626239814447462351 2.1965303875104482678 
0.0627155369731742240 2.1963752998811747474 
0.1250648518326364922 2.1688391141910061677 
0.1261940366832483840 2.1252199088009464667 
0.1387981810968352270 1.9832318343579262709 
0.1393169957579271923 1.9246855128331614715 
0.2501297036652729844 1.8602518329045856227 
0.2501602221747489807 1.6446262889502800686 
0.2511062959685049223 1.6390870490717497354 
0.5113681447798089641 1.6188203169357497924 
0.5629139072847682002 1.5420678590909320249 
0.5905941953794976440 1.4577795065759673321 
0.6468092898342845398 1.3116214959954004549 
0.7500228888821069972 1.1845686852922849841 
0.7501754814294869789 0.9746116867122193161 
