0. 2.4928413048030870769 
0.00006103701895199438 2.3855577825430676064 
0.0192266609698782329 2.2349202626220621148 
0.0245979186376537387 2.2005730541491916874 
0.0326548051393169975 2.0274119656157592040 
0.1250648518326364922 1.8870689715350352777 
0.1252479628894924701 1.8833896238262033407 
0.2501297036652729844 1.7464131446126167635 
0.2670674764244514443 1.6352933662824964411 
0.5018158513138217813 1.5188786773881002290 
0.6250801110873744903 1.2544681017958549951 
0.6683553575243385003 1.2379931193010207391 
0.7562181463057344732 1.1486875068221649165 
0.7725455488753929512 1.1334503818793937313 
0.8227179784539323526 1.0924873639500083389 
0.8791772209845271080 1.0733871529609844142 
0.8792382580034791006 0.9920768770947779869 
0.9163487655262917420 0.9132447379459261993 
