0. 2.8511296584136900378 
0.0000915555284279916 2.6309842170768882319 
0.0332956938383129342 2.5626184450646984914 
0.0625324259163182461 2.5261202420906490040 
0.1330301828058717550 2.5079364713838203649 
0.1330607013153477514 2.4726639504671963365 
0.2343821527756584366 2.3669593832713293757 
0.2349314859462263982 2.2758683395822902895 
0.2422559282204657105 2.2505612188502421844 
0.2423780022583696958 2.2025775549557855548 
0.2425000762962736811 2.1287873119281832679 
0.2760399182103945859 2.0983134892263106686 
0.3517258217108676366 2.0167241636824964068 
0.3594775231177709252 1.8350635705304976231 
0.4377269814142277227 1.7408994652495439759 
0.4766991180150761398 1.6591628028693439223 
0.4786523026215399601 1.5599543506849968821 
0.4844813379314554247 1.5309887650969693507 
0.7502670369579149678 1.5056858428049992860 
0.7520371105075228657 1.4653493850967205248 
0.7524643696401868143 1.4619517084428497178 
0.7524948881496628106 1.4515173098235549798 
0.8636127811517685382 1.3653570538449628646 
0.8688314462721640208 1.3359346053319711700 
0.9226966154972990886 1.2470988984104951491 
0.9260231330301827990 0.8679650299276312486 
