0. 2.5173055734164844210 
0.0029908139286477248 2.4329198239823917049 
0.0079348124637592700 2.3976826259652184170 
0.0312814722128971212 2.2398114277418357254 
0.0654927213354899729 2.2281708226067062917 
0.1250343333231604959 2.0231213719435054976 
0.1279946287423322226 1.9517952592355063413 
0.1362346263008514802 1.9187208469710557157 
0.2500076296273689991 1.8879666564521597749 
0.2500686666463209917 1.8201659815513426821 
0.2891323587755973978 1.7505107170595433086 
0.3750419629505294950 1.7193586230647475155 
0.3906674398022400574 1.6625796282228615386 
0.5027314065981017821 1.5219919395791845496 
0.5156407361064485606 1.5218015985526749390 
0.5374309518723106027 1.5141209721588955173 
0.5635853144932401193 1.4810270336127455693 
0.6255073702200384389 1.4583681352708248724 
0.6256294442579424242 1.3391080746759698172 
0.6362498855555894783 1.3383633907142686858 
0.6563921018097476079 1.2861080038618575294 
0.6567583239234595638 1.1740987644159182057 
0.7500228888821069972 1.0804852251033945087 
0.7500839259010589899 1.0721090953931908807 
0.7539902951139866305 1.0668582921429539123 
0.7541123691518906158 1.0667490202038689695 
0.7578966643269142711 1.0302589494310201434 
0.9063997314371166070 0.9753443658682487971 
0.9347209082308419736 0.9422586554045101481 
