0.00003051850947599719 2.6767174104050486250 
0.00006103701895199438 2.5162381717808401937 
0.0003051850947599719 2.3875474968972323353 
0.0009155552842799158 2.3584929294498104824 
0.0011902218695638905 2.2583596965510501775 
0.0498672444837794104 2.2325714195922370386 
0.0643940549943540774 2.1446475942639859902 
0.1267128513443403492 2.0840161708280522390 
0.1267738883632923419 2.0019850806616390493 
0.1286660359508041696 1.9793539788098684085 
0.2061525315103610312 1.8990342194374956186 
0.2517166661580248488 1.7682115365430930431 
0.3911252174443800023 1.7191599579168701517 
0.5000457777642139945 1.7158282250939294045 
0.5000762962736899908 1.5858302394377405964 
0.5007782219916379063 1.5812418716896079474 
0.5012054811243018548 1.5589741917066368693 
0.5017242957853937924 1.4286802931646600534 
0.5169530320139164026 1.3587519440422242134 
0.5637073885311441046 1.3548222068116895222 
0.5664845728934598812 1.2745995875719893231 
0.5705435346537675034 1.1283072791140635882 
0.5715201269569993858 1.1201313317530168234 
0.6027710806604205107 1.0991016063522816015 
0.7227393414105655056 1.0836508774352908713 
0.8756065553758354270 1.0577012210679928028 
0.9399700918607135636 0.9384010627728016640 
