0. 2.5915034364894031782 
0.0001220740379039888 2.4776619381031479428 
0.0323801385540330236 2.3087022320016914456 
0.1254310739463484481 2.2837577168487031010 
0.1257362590411084391 2.2756978620605994301 
0.1262245551927243803 2.0973693936868267329 
0.2395397808771019543 1.8651077590498661429 
0.2578508865627002766 1.7269724898292930781 
0.4712057863093966348 1.5790242378876016005 
0.4843897824030274357 1.4872435939162043095 
0.4848780785546433769 1.4691501285293149248 
0.4850306711020233585 1.4553611036084563857 
0.4856105227820673442 1.4235898303671770115 
0.4912564470351268309 1.4187718388498880007 
0.6793725394451735067 1.3784658382660175402 
0.7501449629200109825 1.3503038938906513078 
0.7502670369579149678 1.2771448177115147793 
0.8599810785241248645 1.2549449037484230462 
0.8775292214728233064 1.1598075653103117055 
0.9577318643757438688 1.1139129105682981091 
0.9848933378093813751 1.0325961038154196636 
0.9849848933378093641 0.9608940866181906459 
0.9859004486220892538 0.9097848261095891065 
0.9888607440412610083 0.8541001887768584488 
