0. 2.8464413839407392004 
0.00006103701895199438 2.8319374953844436149 
0.0001220740379039888 2.7607478887878533769 
0.0004882961516159551 2.7292134334640687499 
0.0078127384258552812 2.6522193114987802076 
0.0637836848048341371 2.5265614869964889699 
0.2188177129428998669 2.2051042470409063512 
0.2269661549729911076 2.1296677000489570020 
0.3447676015503403080 2.0952773740406200886 
0.3487044892727439449 2.0429409138167353710 
0.3532517471846675083 2.0278686435075781169 
0.3560899685659352221 1.6653031058723859470 
0.4723654896694845506 1.6621234957688901801 
0.4756004516739402721 1.6579632255204586055 
0.4758445997497482427 1.5670022902730407210 
0.7292703024384289412 1.4649755334424598985 
0.8640095217749564904 1.4085730323729066526 
0.8761253700369273645 1.3277487636291358530 
0.9131138035218360205 1.2285938894664609755 
0.9687795648060548714 1.2156507561704945619 
0.9756157109286782703 1.1849699603481265164 
0.9785454878383740285 1.0896330705235102165 
