0. 2.4788333089536047638 
0.0252388073366496789 2.4499122355850411203 
0.0319833979308450575 2.2020609334945540070 
0.1132847071749015777 2.1413241408223817608 
0.1192358165227210276 1.7727908630894957387 
0.2584307382427442068 1.6408492355528958573 
0.5172582171086763658 1.6349693774627207521 
0.5391399884029663969 1.6284757084487446743 
0.5637684255500960972 1.4486407591303995801 
0.6563005462813196189 1.3859676074963862558 
0.7500228888821069972 1.3255128900297319383 
0.7502670369579149678 1.2245530603093357502 
0.7550889614551224982 1.0296648883003793884 
