0. 2.9512693069036028959 
0.00003051850947599719 2.7940692376744187264 
0.0024109622486037782 2.6741685529962522239 
0.0157780693990905475 2.6714264923992825373 
0.2031311990722373117 2.2054989611895288171 
0.2284615619373149831 2.1187116951212763283 
0.3441267128513443296 1.9302950338848674505 
0.4225592822046571051 1.8552761374374711067 
0.4550920133060701311 1.6589265029290294340 
0.4843897824030274357 1.6258119700321385093 
0.4869228186895351862 1.5929331811119780138 
0.6744590594195379873 1.5277354725982557060 
0.7529831843012787518 1.4828644749649282364 
0.8672139652699362156 1.3785306843901408147 
0.8959013641773735381 1.3212788250128828515 
0.8959318826868495345 1.2933811329447362226 
0.9298379467146824506 1.2842256008459544958 
0.9765923032319101527 1.1874592598763451523 
0.9806207464827417786 1.1395286805192907931 
0.9844050416577654339 1.0535157503776177990 
0.9937437055574205313 0.9504865972240923444 
