0. 2.4591141423825275680 
0.0625934629352702388 2.3281116070882768021 
0.2190313425092318411 1.9184435971692526124 
0.3596606341746269031 1.8562958070040427305 
0.3603015228736228259 1.8087147788060666809 
0.4062929166539506198 1.7286264588051343249 
0.4222846156193731382 1.5962616570514314152 
0.4531693472090823072 1.5638978330422452778 
0.4547257911923581752 1.4585538868887282238 
0.4690389721366008402 1.4482299276715997482 
0.4844203009125034320 1.3512635393233463077 
0.4846644489883114026 1.3463317738773028509 
0.9212622455519272613 1.2885295251619732770 
0.9300210577715384286 1.2450188694032036096 
0.9741508224738303356 1.2037636987696926916 
0.9805291909543137896 1.0520195989124558888 
0.9851374858851893457 1.0327316875196479451 
0.9913327433088168217 1.0112959926637374863 
0.9924924466689046820 0.9335199104749630772 
