0. 2.6517217174975238336 
0.0000915555284279916 2.6230517719292953949 
0.0001525925473799860 2.4637148825732495538 
0.0719016083254493815 2.4026146399064400860 
0.1250038148136844995 2.3435926365306420926 
0.2140263069551683051 2.2972937523861793885 
0.2348094119083223852 2.0938701873312206558 
0.2500076296273689991 2.0701512025016484131 
0.2659077730643635285 1.8278403790879711455 
0.3692434461500900267 1.6749813543981493247 
0.4689474166081728512 1.6206803196079080376 
0.4844203009125034320 1.5662796985479072731 
0.4857020783104953332 1.5006461967644206812 
0.4893642994476150032 1.4797756321700481497 
0.4914395580919828088 1.1782038631353324298 
0.9209265419476913017 0.9757452294838471207 
0.9524826807458723898 0.9338569560617633325 
0.9943235572374645725 0.8738132451191328309 
0.9953917050691244439 0.8469766938486705810 
