0. 2.7983842027776049122 
0.0002441480758079775 2.7933435987936539036 
0.0002746665852839747 2.6874086407971420343 
0.0021973326822717978 2.6587780480536169492 
0.0022278511917477950 2.6530038904357584606 
0.0039063692129276406 2.5461544005707712479 
0.0179448835718863491 2.2462446752823379548 
0.1589709158604693806 2.1445632381660759691 
0.2490615558336130852 2.0715281593807852722 
0.2500076296273689991 1.8531663723374718344 
0.3740348521378216162 1.8033880717021419926 
0.4297921689504684561 1.7784940840373169024 
0.4355601672414319281 1.7463174896754443122 
0.4355906857509079244 1.7318514414030512505 
0.4561296426282540617 1.6482333242237350301 
0.4846644489883114026 1.6265771071343366749 
0.4848780785546433769 1.6105400890368051225 
0.4886623737296670322 1.5875269516704546557 
0.4950712607196264270 1.5410224849189471108 
0.4959257789849543796 1.4479793976830175328 
0.4980620746482741779 1.4222643300205333183 
0.4990386669515061158 1.3539172381454185334 
0.7422101504562517160 1.3167003412090816372 
0.7684255500961333363 1.2482289405913544744 
0.7883846552934354879 1.2319885446796576822 
0.8469496749778741007 1.2071224192642331374 
0.8733176671651357026 1.0255335818283342064 
0.9887081514938810267 1.0078611748736880926 
0.9951780755027924696 0.9418424914573114703 
