0. 2.1930853476426550586 
0.0001220740379039888 2.1927455522339998062 
0.0312509537034211249 2.0783289225258401167 
0.1250343333231604959 1.6505404691559584229 
0.2662129581591234917 1.5574247023769878240 
0.3790704062013611209 1.5413868327910680289 
0.5085299233985411949 1.3686349413803691188 
0.5156712546159245569 1.3684179096506785545 
0.7092501602221747969 1.1588981123592096978 
0.7502975554673909642 1.0589080056133857166 
0.7506942960905789164 0.9336655455850215723 
0.7585375530259101939 0.7747798636895895097 
0.9688100833155308678 0.7549461357161544317 
