0. 2.8839002234165365124 
0.00003051850947599719 2.7907881334179367450 
0.00006103701895199438 2.3720197528105666507 
0.0000915555284279916 2.2108062769293477245 
0.0781884212775048049 2.1487418237153037559 
0.1250038148136844995 2.0824422569504421610 
0.2285836359752189684 2.0117150510237067351 
0.2368846705526902186 1.9862729774641665337 
0.2379833368938261140 1.5967837990700082251 
0.4723654896694845506 1.4841576816267811889 
0.4860377819147312928 1.2931904747334355132 
0.4860683004242072891 1.1059447537322417698 
0.9250465407269509166 0.9998349119850212796 
0.9718924527726066076 0.9529514303884755177 
0.9855952635273292905 0.9172163292736889018 
0.9874263740958891811 0.8644281025555662357 
