0. 2.9922230418955990672 
0.00003051850947599719 2.6532021712733966368 
0.0000915555284279916 2.6014265954123003688 
0.0078432569353312793 2.5668334301782369522 
0.0081789605395672475 2.4612706270192301616 
0.0228278450880458998 2.3684462468813132219 
0.0242011780144657726 2.3535806578566140779 
0.0394299142429883759 2.2520807429647029529 
0.1313211462752159053 2.2278151290554988329 
0.1475875118259224184 2.2250397216032919978 
0.1492049928281502791 1.9770398819044836536 
0.2894985808893093537 1.8910812549661570880 
0.3828547013763847762 1.8728269081979327382 
0.4928434095278786398 1.5694340429096058642 
0.4947965941343424601 1.5616299739833341409 
0.6273689992980743257 1.4552101693997752108 
0.6566667683950315748 1.4027628712303457092 
0.6644795068208868560 1.3572765658002579059 
0.6682332834864345150 1.3219306921963189794 
0.6682943205053865077 1.1264534293678281074 
0.7483138523514512030 1.0523918917621579716 
0.8941618091372417476 1.0169063855974891375 
0.9987182226020081543 0.9856865775987617706 
