0. 3.5630465049466288896 
0.00003051850947599719 3.3191401764964902910 
0.00006103701895199438 2.9670854209243788802 
0.0002441480758079775 2.6232705776986651180 
0.0007629627368999298 2.4098000726070534228 
0.0078432569353312793 2.3151451967164180523 
0.0709555345316934677 2.2392910420114011671 
0.0720542008728293770 2.2181199453619244721 
0.1253089999084444628 2.1007069824307080808 
0.1257667775505844354 1.8266837061823810728 
0.1272621845149082831 1.8203637731479782591 
0.4879604480117191168 1.8173374330733216286 
0.4901272621845149113 1.7620992705252953581 
0.4927518539994506508 1.7372796299969808231 
0.4929654835657826251 1.7095310288589826708 
0.4978179265724662073 1.6760714648711079189 
0.5000152592547379982 1.5384638111461104160 
0.5004730368968779430 1.4006566412980605563 
0.6265755180516983103 1.3994741119669360518 
0.6333506271553697164 1.2367675850447401586 
0.6454054383983885978 1.2250058455621188891 
0.7505417035431989348 1.1973095971106808566 
0.7507553331095309090 1.1432923712665354898 
0.8250679036835840696 1.0797473903672651918 
0.8436231574449903903 0.9384374370296174606 
0.9385662404248176216 0.9023144567920349246 
0.9657277138584551279 0.8642264517382181044 
