0. 2.8966674840014601244 
0.0000915555284279916 2.8714571766084473481 
0.0001831110568559831 2.8369877057864738568 
0.0015564439832758568 2.5772982078443296139 
0.0145573290200506616 2.5375935515998682135 
0.0320749534592730465 2.5232543882231279753 
0.0643024994659260884 2.4398276584645635090 
0.0941190832239753444 2.1557991120547908004 
0.2538834803308206434 2.0259536239579123418 
0.3615833002716147271 1.9924879619842552625 
0.3655507065034943603 1.7678006038176206083 
0.4540238654744102043 1.7194660385757398746 
0.4850306711020233585 1.6282370605259202101 
0.4905545213171788599 1.5172124223425267342 
0.5878780480361338601 1.4928821224975343807 
0.6722922452467421372 1.4432089264151997110 
0.6801049836725974185 1.4064518333549143048 
0.7004303109836115260 1.2900732210587462223 
0.8617511520737327624 1.2409030228339996693 
0.9222693563646351400 1.1657660317976625830 
0.9222998748741111363 1.1426610776734524855 
0.9232459486678670224 1.1243997930280971165 
0.9300820947904904212 1.1188281180032255690 
0.9847102267525253971 1.0513374531671833001 
0.9970091860713522491 0.9497652673098009313 
