0. 1.4743113077391782895 
0.00003051850947599719 1.4572183716092297345 
0.00006103701895199438 1.4518346946435018996 
0.0005188146610919523 1.4493098226702896270 
0.0010071108127079073 1.4083451181773303240 
0.0010986663411358989 1.3846423291765779240 
0.0039063692129276406 1.3538439042707719473 
0.0078127384258552812 1.2727897901719638085 
0.0234382152775658437 1.2573466543898050851 
0.0234992522965178398 1.2156873243074264312 
0.0390942106387524024 1.1930152064110044474 
0.0395825067903683575 1.1877318058873986839 
0.0546891689809869686 1.1393140255374236691 
0.0937833796197393710 1.1392483838087119619 
0.0939970091860713591 1.1122865489101791958 
0.0948515274513992701 1.0986715128483988124 
0.0955839716788232097 1.0634700451619478745 
0.1096835230567339142 1.0602855170483973524 
0.1562547685171056244 1.0133736811554128199 
0.1564989165929135950 0.9860833805520867745 
0.1601611377300332650 0.9841584707774383434 
0.1641895809808648909 0.9146714308251943093 
0.1956236457411419938 0.8773101688972078094 
0.2111880855739005636 0.8413419639831744012 
0.2113406781212805452 0.8401107327854582252 
0.2500686666463209917 0.8075039130242745999 
0.2788781395916623551 0.8030187660676670891 
0.3125705740531632415 0.8013772066048416853 
0.3213904232917264570 0.7489098286095816626 
0.3215430158391064386 0.7488141464511586243 
0.3458357493820001793 0.7465066852353104965 
0.3750114444410534986 0.7075668206677275807 
0.4062623981444746235 0.6952001230559804457 
0.4141972106082338900 0.6615272907334580621 
0.4463026825769829675 0.6389559562762718858 
0.5000457777642139945 0.6054735807413887949 
0.5078890346995452720 0.5861204629783409725 
0.5084383678701132059 0.5543509933445074367 
0.5625782036805322406 0.5506203249408556655 
0.5641346476638080531 0.5073963054254440053 
0.5713370159001434079 0.4972152879295297367 
0.5953856013672291780 0.4677999759147815073 
0.6878261665700247107 0.4323192638864229442 
0.7607654042176580367 0.4178150305854098079 
0.7813348796044801148 0.4166390610242865500 
0.8056886501663258482 0.4061063641554401027 
0.8213446455275124070 0.3631972636566059842 
0.8772850733970153358 0.2986861964983190121 
0.9072542497024445041 0.2962854589583528431 
0.9736625263222143944 0.2807088720370680135 
