0. 1.3905001141813198018 
0.00006103701895199438 1.3670050902452686170 
0.0003051850947599719 1.3655474308481883039 
0.0042115543076876125 1.3389754296905413966 
0.0078127384258552812 1.2941392605190364939 
0.0117801446577349162 1.2709994724554893875 
0.0159306619464705361 1.2367806926215889618 
0.0312814722128971212 1.2179336912955300853 
0.0313425092318491139 1.1805813233977016097 
0.0627460554826502343 1.1515239332078539558 
0.0628070925016022269 1.1156338473374423081 
0.0937528611102633747 1.0586591580001583068 
0.1250038148136844995 1.0013669544383019261 
0.1250343333231604959 0.9920005392872648375 
0.1328470717490157771 0.9636760947995405280 
0.1562547685171056244 0.9025425086731460045 
0.1879329813531906979 0.8891191019161764908 
0.2187566759239478742 0.8781608339823118170 
0.2500381481368449954 0.8248118179280485851 
0.2539139988402966397 0.7459875001640429160 
0.3287148655659657415 0.7113929533354217405 
0.3627124851222266466 0.6932781650997231759 
0.3750419629505294950 0.6649676471953581691 
0.3828547013763847762 0.6634629304624438673 
0.4375133518478957484 0.6059602945373954164 
0.4734641560106204183 0.5708475332578148986 
0.5000152592547379982 0.5686962147221560349 
0.5005340739158299357 0.5620366692330815983 
0.5078585161900692757 0.5617376517708189132 
0.5356913968321787012 0.5284228496165142008 
0.5958738975188452303 0.5141011342371640813 
0.6250190740684224977 0.5028000585473191286 
0.6622516556291391243 0.4782665987832535603 
0.6914578691976683844 0.4690019338436348106 
0.7188940092165898577 0.4190080581621518085 
0.7208471938230537335 0.3918846965193354959 
0.7500534073915829936 0.3825549563346150039 
0.7502670369579149678 0.3469792422469132887 
0.7580797753837702491 0.3410131072741137137 
0.7590563676870021315 0.3231754084369489188 
0.7815179906613360927 0.3195488094156866965 
0.9223914304025391253 0.2967347154822654320 
0.9224219489120151216 0.2640901327888523498 
