0. 1.4597729212422505540 
0.0000915555284279916 1.4478820183195546534 
0.0078127384258552812 1.3764431327470105781 
0.0081179235206152531 1.3567677875424475342 
0.0158696249275185400 1.3562501156783073331 
0.0159306619464705361 1.3151046913723150045 
0.0159611804559465324 1.3078665755694502959 
0.0241706595049897763 1.2534607081365376491 
0.0386364329966124437 1.2523961577742313000 
0.0390942106387524024 1.2283621510476108174 
0.0455336161381878143 1.2200881628000754819 
0.0528275399029511372 1.2132043900644404744 
0.0645161290322580627 1.2019805690117792984 
0.0655537583544419655 1.1555441949187934547 
0.0791039765617847224 1.1522132223641057269 
0.0866725669118320330 1.1208069284965220813 
0.1250038148136844995 1.0752307246757517589 
0.1283608508560441786 1.0664997288961866051 
0.1331217383342997440 1.0325673183260817289 
0.1401409955137791208 1.0278516791462146696 
0.1650440992461928158 1.0162234411025086178 
0.1875972777489547383 1.0025640056695526159 
0.1916562395092623605 0.9506996950564937654 
0.1994689779351176417 0.9371075889813782478 
0.2509842219306009370 0.8798161481950026452 
0.2554094058046205151 0.8667944432941526722 
0.2652058473464156130 0.8437400477585027536 
0.2891018402661214015 0.8179051437434856631 
0.2959074678792688040 0.8084923315527935417 
0.3310647907956175695 0.7898396284894778629 
0.3316751609851374960 0.7767872773142616705 
0.3394878994109927772 0.7685929192362944695 
0.3531296731467635230 0.7457479278685894553 
0.3531907101657155157 0.7438137623186580338 
0.3569750053407391710 0.7371786273393680089 
0.3850825525681325634 0.7186462320829460904 
0.4130985442670980223 0.7031039625788189085 
0.4475234229560228205 0.6715976448079361560 
0.4766991180150761398 0.6475001170559044894 
0.5000152592547379982 0.6053455612126636964 
0.5186925870540483041 0.5681699165926029638 
0.5284585100863673501 0.5590545009900058648 
0.5746635334330271183 0.5350518810995764651 
0.6875820184942167401 0.5018066402052998587 
0.6884975737784966299 0.4686556017924084494 
0.6963713492233039037 0.4518944788104845567 
0.7609485152745140146 0.4483427766418839333 
0.7886593218787194548 0.4157642793643478440 
0.7889034699545274254 0.3502836665438195940 
0.8769798883022553726 0.3476641261461532184 
0.8994720297860652192 0.3240743276750631119 
0.9395428327280496150 0.3204467544524450817 
0.9417096469008453541 0.3028798132718251157 
0.9688711203344828604 0.3007001104641225386 
0.9708243049409467362 0.2745793705154376818 
