0. 1.4493450622630210667 
0.00003051850947599719 1.4337740338121374162 
0.0039063692129276406 1.3548861789691868385 
0.0156254768517105624 1.3488974153912143272 
0.0312509537034211249 1.3464444815545706380 
0.0313119907223731175 1.2966881197531756609 
0.0321359904782250461 1.2017944802945641491 
0.0351878414258247618 1.1728937953273117500 
0.0683614612262337107 1.1145933421393678930 
0.0786156804101687673 1.1051331669008574998 
0.1030915250099185138 1.0968113199854221396 
0.1308938871425519568 1.0807589180490309033 
0.1448408459730826658 1.0577844547927650609 
0.1567430646687215934 1.0081894107655076098 
0.1875362407300027456 0.9736793477624302584 
0.1877803888058107162 0.9070638719467671862 
0.1968443861201819023 0.8835786805629781693 
0.1996215704824976234 0.8776833047264469556 
0.2273628955961790876 0.8352219901616775299 
0.3203527939695425264 0.7980397068124519544 
0.3437910092471083701 0.7780316617961350323 
0.3444929349650562855 0.7628181937310515304 
0.3518478957487716219 0.7010152034531240694 
0.4067506942960905647 0.6539450904588638425 
0.4068117313150425574 0.6452058627684669201 
0.4768517105624561214 0.6059706022134446757 
0.5000457777642139945 0.6019173098521161114 
0.5019989623706778703 0.5929803612183291994 
0.5044099246192815800 0.5668561266454034131 
0.5312662129581591230 0.5544863558897237254 
0.5351725821710867637 0.5240929086294487948 
0.5684377574999237570 0.5207793687751921530 
0.5859553819391460916 0.5064615184319477548 
0.6370433668019653828 0.4898555231041022417 
0.6601763969847712632 0.4800927527530902128 
0.6994842371898556399 0.4485840996591266561 
0.7525254066591388069 0.4131533640615368541 
0.7840205084383679024 0.3845076677478591609 
0.8184759056367687524 0.3763168997894801304 
0.8465224158452101522 0.3443055458380525624 
0.8786278878139591741 0.3358826882300761651 
0.8991973632007812522 0.3101129035296424363 
0.9696035645619067722 0.2707008509729187939 
