0. 1.4311034124955406277 
0.0014038514358958708 1.3956786841812827138 
0.0033570360423596911 1.3748131889569781272 
0.0068361461226233711 1.3280693746773468700 
0.0084536271248512231 1.2578920206521202463 
0.0205084383678701132 1.2474106443345505113 
0.0445875423444319005 1.2048834140211404087 
0.0566423535874507889 1.1904422670749637003 
0.0607928708761864070 1.1303343155661915720 
0.0625324259163182461 1.1124471493259890931 
0.0950346385082552619 1.1063990523025444279 
0.1079439680166020682 1.0680393289761040965 
0.1235694448683126306 0.9993770368758670974 
0.1641285439619128983 0.9816189656750327064 
0.1686147648548844968 0.9784301419562027036 
0.1762749107333597964 0.9504855742607385416 
0.1857966856898708996 0.9025100255560346563 
0.2255928220465712453 0.8843615632218626565 
0.2501907406842249770 0.8418682282543520357 
0.2541581469161046103 0.8371534509667285517 
0.2705160679952391400 0.7895037434292822009 
0.3449812311166722822 0.7734102785174195027 
0.3584704123050630464 0.6953946496508870423 
0.3735770744956816158 0.6861364098508411224 
0.4262825403607287678 0.6324008113249762752 
0.4710837122714926495 0.6160940845347361305 
0.4756004516739402721 0.5697158912771079775 
0.5000152592547379982 0.5572743353419488121 
0.5000457777642139945 0.5419146431600742053 
0.5628833887752922038 0.5202558877962736306 
0.6262398144474623507 0.5066527887549384657 
0.6637165440839869479 0.4465284527923804037 
0.7198095645008697474 0.4103033234138662166 
0.7657704397717215450 0.4074276907837979800 
0.8069704275643178049 0.3964941103838650061 
0.8174077578051087700 0.3564052714524678645 
0.8312021240882595530 0.3418579398726734886 
0.8624530777916806778 0.3393491671414267108 
0.8629413739432966190 0.2982909737623232749 
0.9385052034058656289 0.2839501246386100797 
0.9697561571092867538 0.2668718191293358299 
0.9698171941282387465 0.2321906431438359453 
