0. 1.4665543445202964268 
0.0001831110568559831 1.3329978120535059816 
0.0312509537034211249 1.2484598526487300507 
0.0351573229163487655 1.2280410092887192874 
0.0401013214514603089 1.2062830294767186157 
0.0473647267067476424 1.1688044218737883018 
0.0639973143711661113 1.1354844910266996827 
0.0908536027100436405 1.0864369821281347761 
0.1001007110812707906 1.0430580286108994681 
0.1250038148136844995 1.0411401970911753345 
0.1563768425550096097 1.0400756062387284118 
0.1567430646687215934 0.9839593611530467188 
0.1877498702963347199 0.9658224886004954657 
0.1878719443342387052 0.9616609563510356562 
0.1889706106753746284 0.8414752903983052645 
0.2500076296273689991 0.7808873044505855177 
0.3144932401501510655 0.7780965794634761012 
0.3458357493820001793 0.7367213662768972160 
0.3750114444410534986 0.7053723807025381598 
0.3771782586138492932 0.6485834799231681158 
0.5000152592547379982 0.6407953526763507934 
0.5001373332926419835 0.5413762585909219771 
0.5705740531632434997 0.5312517326699731646 
0.5708182012390514703 0.4670114584582965023 
0.6567583239234595638 0.4527541769511017611 
0.7501449629200109825 0.4284767795706348470 
0.7501754814294869789 0.4022565329861503280 
0.7579882198553422601 0.3618626121411209762 
0.8125247962889492470 0.3610970651007562315 
0.8184148686178167598 0.3569471452128697986 
0.8203680532242805246 0.3471758553958174120 
0.8930936613055818762 0.3211148659322999310 
0.8932157353434858615 0.2840862001669333114 
