0. 1.3621999846355090646 
0.0156254768517105624 1.2661281920176110649 
0.0312509537034211249 1.2287831254970986716 
0.0581987975707266431 1.1671310395244653968 
0.0667134617145298675 1.1651201068794954097 
0.0667439802240058638 1.1423727952732698476 
0.0682088686788537291 1.1028401743384501632 
0.0691854609820856392 1.0745211541458417059 
0.1252479628894924701 1.0652512735479771067 
0.1262245551927243803 1.0497021315726879909 
0.1414532914212469905 1.0394961106990803223 
0.1568651387066255787 1.0149307833570186954 
0.1915952024903103679 1.0068171033103554546 
0.1918698690755943348 0.9754838199960058631 
0.1938535721915341792 0.9677669690756551812 
0.1938840907010101755 0.9452270734249770268 
0.2503128147221289623 0.9160163645352883410 
0.2505569627979369329 0.8885715872215262934 
0.2506179998168889256 0.7860933451833015395 
0.3129673146763511937 0.7750705710623536637 
0.3134556108279671349 0.7518318283898771659 
0.3165074617755668784 0.7230956014056963976 
0.3754997405926694398 0.7030957364789891528 
0.4131900997955260113 0.6838597950521646540 
0.4381237220374156749 0.6601641604928617513 
0.4444410534989471362 0.6554476870335018690 
0.4693746757408367998 0.6491514849110988639 
0.4728537858211004918 0.6333269024618404241 
0.4738608966338084261 0.6299467636566203899 
0.4756920072023682611 0.6096805878962524572 
0.5169530320139164026 0.6073434968037672021 
0.5316934720908230716 0.5612266440520762289 
0.5940733054597613361 0.5567260586183870874 
0.5943174535355693067 0.5357176186457551781 
0.6349070711386456400 0.4278456797047440197 
0.8128299813837092103 0.4144407243124857976 
0.8138065736869410927 0.4030122413610759402 
0.8172246467482527921 0.3638064743867272521 
0.8173162022766807810 0.3239989157444439494 
0.9394817957090976224 0.2992920958867345549 
0.9395428327280496150 0.2990715968265723612 
