0. 1.4692725965884514405 
0.0004882961516159551 1.4480622208033011589 
0.0005188146610919523 1.4056280055874807999 
0.0005493331705679495 1.4043873687787433724 
0.0012207403790398877 1.3952233979554988785 
0.0015869624927518540 1.3243168930703870245 
0.0039063692129276406 1.2804597949483755848 
0.0232856227301858586 1.2231581959927066983 
0.0312509537034211249 1.2145724850769228365 
0.0337534714804528929 1.1718135200736619073 
0.0493789483321634554 1.0502042828778166417 
0.0640278328806421077 1.0373885830184352841 
0.1323587755973998359 0.9187215332143560120 
0.2049623096407971468 0.8903174115692035206 
0.2371288186284981892 0.8770600474143104286 
0.2504959257789849403 0.8663476877711132618 
0.2514725180822168782 0.8387426317168584777 
0.2515945921201208635 0.8084414391209674422 
0.2827234717856380031 0.7729857076991459852 
0.3189184240241706436 0.7679820250218037936 
0.3530381176183355341 0.7014953790467195471 
0.4393444624164555834 0.6336501283169747589 
0.5014801477095858218 0.5782716534682084131 
0.5163731803338724724 0.5511629872328293045 
0.5493942075869014952 0.4850902693428494339 
0.6440626239814447596 0.4637087730020317822 
0.6440931424909207559 0.4584695088451630762 
0.6558732871486556704 0.4347401816264239716 
0.7892696920682393813 0.4132708721639684057 
0.7973876155888546258 0.3801479799144915628 
0.8672139652699362156 0.3647804259717247200 
0.8677022614215521568 0.3521419232547080003 
0.8762474440748313498 0.3352552888965991684 
0.9063386944181646143 0.3136701651627227250 
0.9413739432966093945 0.3060286348809322932 
0.9963377788628803300 0.2952858885506844944 
