0. 1.4249660350036779111 
0.0010681478316599017 1.3579854457674360724 
0.0043946653645435957 1.3393492562943762891 
0.0156254768517105624 1.2999613281485744576 
0.0158085879085665473 1.2936151573677068249 
0.0341807306131168553 1.2724805749408731881 
0.0548112430188909608 1.1975746738626744658 
0.0548722800378429534 1.1946083950849704092 
0.0639667958616901150 1.1567659934385212672 
0.0782494582964567975 1.1050312667508863651 
0.1095004119998779224 1.0963249421974543551 
0.1173131504257332036 1.0299759008258735360 
0.1182897427289651138 1.0297367966615107448 
0.1260719626453443987 1.0014714550236911705 
0.1803033539841914223 0.9702560944970591850 
0.1813104647968993288 0.9416435091844260752 
0.1886959440900906337 0.9215050914371576418 
0.2500381481368449954 0.9192982061539035632 
0.2502822962126529660 0.8528560582307923577 
0.3050630207220679235 0.7991653995422774992 
0.3733024079103976489 0.7932878286208094876 
0.3751335184789574839 0.7887565900185438128 
0.3752861110263374655 0.7100218229407877502 
0.4165471358378856626 0.6966714135091465199 
0.4224677266762291161 0.6778803741547885231 
0.4532914212469862925 0.6722910089895772767 
0.4571977904599139331 0.6713897171414449083 
0.4807275612659077657 0.6532586284217840600 
0.4963530381176183281 0.6507632108616229205 
0.5000762962736899908 0.5951943015487120014 
0.5236976226081118124 0.5942600755361820974 
0.5312662129581591230 0.5877122227681645938 
0.5547044282357249667 0.5718957194538584199 
0.5548265022736289520 0.5665636992117595305 
0.6250190740684224977 0.5281150279563057159 
0.6406750694296090565 0.4991099650560170686 
0.6562700277718436226 0.4733911796810716943 
0.6884975737784966299 0.4697162354387630634 
0.6958220160527359699 0.4509032455869227407 
0.7433088167973875837 0.4022776017697678452 
0.7553941465498824614 0.3944041248762484852 
0.7813043610950041184 0.3784096443401125387 
0.8283028656880397911 0.3665970090230789014 
0.8292794579912716735 0.3595834650090678486 
0.8471938230536820713 0.3176119453295629391 
0.9062776573992126217 0.2915131624445563840 
0.9063997314371166070 0.2856679682624071459 
0.9142124698629718882 0.2821104473400818380 
0.9688711203344828604 0.2718243007782714105 
0.9707937864314707399 0.2655531916493444888 
0.9766838587603381416 0.2269501578561999855 
