0. 1.5090708376699433213 
0.0012207403790398877 1.4877654581720165527 
0.0019531846064638203 1.4682110517868582900 
0.0042115543076876125 1.3718989765830527094 
0.0166631061738944687 1.3610865168393146973 
0.0234382152775658437 1.2913761508147105772 
0.0334177678762169264 1.2851538119499124058 
0.0397961363567003387 1.2331316933657878732 
0.0408337656788842415 1.1580012419470642193 
0.0491958372753074774 1.1553008694219797370 
0.1096224860377819216 1.1503662300249279937 
0.1116977446821497272 1.1425508851092898155 
0.1135593737601855585 1.1294783270418526921 
0.1179235206152531579 1.1184586488888077493 
0.1251258888515884848 1.0867390061070667517 
0.1393780327768791849 1.0375422142109267387 
0.1550035096285897473 1.0347280123190256695 
0.1645863216040528709 1.0232719774410379276 
0.1700491348002563519 0.9981794962137556793 
0.1875057222205267493 0.9856153727976415535 
0.2179021576586199493 0.8965827095634464339 
0.2665486617633594513 0.8169790846882536428 
0.3154393139439070071 0.7824296778156484278 
0.3844721823786126369 0.7166841958631594567 
0.4179815057832575453 0.6681740485568601340 
0.5080721457564012500 0.6499318061198016139 
0.5119785149693288906 0.6373894558417767531 
0.5162205877864924908 0.6353875512817451776 
0.5191503646961882490 0.6275481359948190674 
0.5677663502914517268 0.5721880139594318626 
0.5680715353862116901 0.5612111892019990833 
0.5708792382580034630 0.5464740363465002693 
0.6642963957640308781 0.4776089231601822194 
0.7617419965208899191 0.3912359886623420491 
0.8325449385052033913 0.3638162857041365439 
0.8911099581896420041 0.2678660905247454704 
0.9929197058015686306 0.2521599185613916383 
