0. 1.5169982835969324508 
0.0014648884548478652 1.4898309883572402601 
0.0019531846064638203 1.4593096075570497483 
0.0037842951750236518 1.4331780106919920215 
0.0185552537614062929 1.4176025375916512239 
0.0234687337870418400 1.3721780894601740552 
0.0312509537034211249 1.2653634580260837428 
0.0615253151036103396 1.2065953734401724251 
0.0624103518784142608 1.1855953404930745787 
0.0782189397869808012 1.1284570813545371504 
0.1097140415662099105 1.0829923527495497471 
0.1562547685171056244 0.9748607623785711107 
0.2119815668202764958 0.9107043845926766634 
0.2836085085604418965 0.8921251062078197069 
0.2899563585314492986 0.8678422216170540437 
0.3320719016083254482 0.8371358475641905716 
0.3447370830408643116 0.8252585863087253948 
0.3452864162114322455 0.8237841621395184388 
0.3555406353953672882 0.8236737665992384105 
0.3556627094332712735 0.7671840997501849779 
0.3632923368022705768 0.7669345745266857861 
0.3752555925168614692 0.7329091336704273152 
0.4070253608813745316 0.7308561841335876608 
0.4082155827509384438 0.7182502474411581739 
0.4419385357219153265 0.7077709255557519397 
0.4893032624286630106 0.5954842727749776188 
0.4944608905301065005 0.5820141248637235032 
0.6097293008209478948 0.5490255052684162029 
0.6250190740684224977 0.5355879663805748203 
0.6252937406537064646 0.5215121080660588548 
0.6656086916714987200 0.4770435188249780856 
0.7500228888821069972 0.4311943685920231473 
0.8125247962889492470 0.3873016964386086780 
0.9077730643635364416 0.3865586405436021722 
0.9155552842799157265 0.3706060429580507742 
0.9268166142765587034 0.3078438965357114254 
0.9702749717703786914 0.2780844494260075184 
0.9892880031739249569 0.2460212378347494955 
