0. 1.4918426128895450056 
0.00006103701895199438 1.4321794664011544551 
0.0039063692129276406 1.3455337536785236807 
0.0167241431928464614 1.3045826850872186409 
0.0625019074068422498 1.2023298734044280955 
0.0625629444257942424 1.1807430621123697900 
0.0637836848048341371 1.1723077096698377719 
0.0639667958616901150 1.1609050624808954222 
0.0664998321481978794 1.1536033338972047080 
0.0665303506576738757 1.1332653114957966789 
0.0803247169408246170 1.0475247278294579356 
0.1836603900265511013 1.0293305230119411675 
0.1856135746330149217 1.0268631481145231721 
0.1974547563097018288 0.9965178101958318546 
0.1976989043855097994 0.9750574106010095887 
0.2133243812372203618 0.9277860986093022788 
0.2500076296273689991 0.8846843387542077108 
0.2509842219306009370 0.8709816508227262721 
0.2584917752616961994 0.8136871166691569401 
0.3147068697164830398 0.7653614235540017185 
0.3751945554979094766 0.7242893962958436571 
0.3756828516495254178 0.6845558486489757843 
0.3798333689382610290 0.6566722872123768040 
0.4069338053529465426 0.6450165508899300404 
0.4828028199102755713 0.6295529895068002757 
0.5002594073305459688 0.6163097982661654983 
0.5021515549180578519 0.5736732233602724884 
0.5627613147373882185 0.5608166703375040418 
0.5634937589648121303 0.5465970577188170587 
0.5748161259804070999 0.5426760474943906898 
0.5781426435132908104 0.5039862113675644961 
0.6271553697317423515 0.4483768698019638399 
0.7225562303537095277 0.4469586804258704471 
0.7500228888821069972 0.4359989262705618040 
0.7500839259010589899 0.3870274609714490777 
0.7813653981139561111 0.3428517913308881115 
0.8262886440626240336 0.3426045203496999037 
0.8555864131595812827 0.2994012288910984365 
0.9590136417737358254 0.2956965976930834850 
0.9772637104403820718 0.2882005668051780267 
0.9782403027436139542 0.2775285142205102806 
0.9880672627948851039 0.2638935323353766571 
