0. 1.3622378696817549759 
0.0019531846064638203 1.2853097951375813679 
0.0092165898617511521 1.2614049071929900325 
0.0176091799676503791 1.2054817642988626680 
0.0317392498550370800 1.1800177688263688847 
0.0327158421582689901 1.1754028905134690230 
0.0346079897457808178 1.1739673850619998241 
0.0351573229163487655 1.1663290704426239053 
0.0625324259163182461 1.0694784378511730249 
0.0821558275093844381 1.0635454229455720831 
0.0972319711905270528 1.0631348132316000843 
0.1250038148136844995 0.9940756181545060688 
0.1284829248939481916 0.9902590288735515500 
0.1285134434034241879 0.9772620030373379008 
0.1568346201971495823 0.9693253171346354335 
0.1582079531235694447 0.9499940425360483553 
0.2500076296273689991 0.8948855058334588275 
0.2502517777031769697 0.8600663030559527744 
0.2504348887600329476 0.7909419430262564221 
0.2725913266396069456 0.7754735071381608780 
0.2852870265816217499 0.7619696834721293444 
0.3125705740531632415 0.7468689298563523371 
0.3131809442426831680 0.7278190611015774580 
0.3186742759483626730 0.7068008237813507844 
0.3776970732749412307 0.7005756119486770128 
0.3778801843317972087 0.6500034614008713962 
0.3986022522659993239 0.6413225471576490255 
0.4736472670674764518 0.5648496068773801726 
0.5009918515579698806 0.5402007192619904252 
0.5670949430829798077 0.5069759111671477969 
0.6270027771843623698 0.5012868330042312692 
0.6642048402356028891 0.4657176365106144300 
0.7501144444105349862 0.4592964869653910487 
0.7503280739768669605 0.4041558390341335460 
0.7506942960905789164 0.3832409692750819996 
0.7620471816156498823 0.3822801426161231419 
0.7780388805810724007 0.3767851629501807187 
0.7828608050782799310 0.3611374042897663172 
0.8126163518173772360 0.3222513550306324026 
0.8248542741172520953 0.3200155476480762151 
0.8405713064973906468 0.3034612263509954833 
0.9077425458540604453 0.2855272188911344711 
0.9721976378673665708 0.2850132897482577921 
