0. 1.5322280721878509535 
0.00003051850947599719 1.4850384096358488772 
0.0010071108127079073 1.4596623951391154428 
0.0010681478316599017 1.4559420313684192649 
0.0012512588885158849 1.4544900797311814955 
0.0013122959074678793 1.3884667464462296937 
0.0091250343333231614 1.3660397553046705887 
0.0163579210791344951 1.3263738221007934648 
0.0235908078249458288 1.3127286613224298239 
0.0313119907223731175 1.2655048109807414125 
0.0468764305551316873 1.2537866828522177265 
0.0548417615283669571 1.2255034806620757060 
0.0625324259163182461 1.2207570729703991486 
0.0628070925016022269 1.1911131913275203598 
0.0638142033143101334 1.1883581092520991707 
0.0664387951292458867 1.1759987139265666300 
0.0666524246955778749 1.1734943512758935213 
0.0666829432050538712 1.1677741897053623976 
0.0781273842585528122 1.1053685973613176507 
0.0941801202429273371 1.1002778112682112255 
0.0964995269631031272 0.9807805443049133487 
0.1739249855037079961 0.9350391218989831943 
0.1875057222205267493 0.9173085973739416588 
0.1875667592394787420 0.8984850584807547724 
0.1911984618671224157 0.8929446724470002650 
0.2034669026764732713 0.8778193981763210418 
0.2190618610187078375 0.8596956770258185054 
0.2264778588213751664 0.8489120757224354330 
0.2812585833307901240 0.8126058731408045688 
0.3126010925626392378 0.7191326859427287221 
0.4146549882503738349 0.7071450043029188226 
0.4317453535569322764 0.6620295918347122166 
0.5000152592547379982 0.5586806139407936023 
0.5645008697775201201 0.5271640013619179887 
0.5656605731376079804 0.5167909463529454239 
0.6264839625232703213 0.4808817812504116995 
0.6568193609424115564 0.4291827070969277957 
0.7500839259010589899 0.3876604299671951304 
0.8138065736869410927 0.3801761271890651828 
0.8770409253212073652 0.3627636469643058526 
0.8834192938016907082 0.3499359698570216892 
0.9375286111026337465 0.3197446589618883062 
0.9375591296121097429 0.3093344475434615104 
0.9428693502609332144 0.2700087106980149643 
0.9433576464125491556 0.2371860313946869414 
