0. 1.4324199178525913734 
0.0005493331705679495 1.3800698968059947891 
0.0087893307290871914 1.3099048355046458703 
0.0312509537034211249 1.3015599906258648044 
0.0323191015350810240 1.2720704078993478880 
0.0327768791772209828 1.2391325812914639748 
0.0341196935941648627 1.2230339256756956878 
0.0390636921292764061 1.2156364581524505830 
0.0625019074068422498 1.1992928413155654610 
0.0644550920133060701 1.1710174820908547666 
0.0849635303811761833 1.1683019664186582442 
0.0977202673421430079 1.1476456968497106281 
0.1015655995361186559 1.1471817250668945309 
0.1255531479842524611 1.1088859353507043437 
0.1269569994201483198 1.0670082622563537011 
0.1328775902584917734 1.0653643891276249889 
0.1333658864101077424 1.0259978763878516705 
0.1353190710165715627 0.9929239248294670084 
0.1564073610644856061 0.9794424743591212401 
0.1653492843409527791 0.9784217069420068080 
0.1720023194067201722 0.9634059848858659292 
0.2041077913754692219 0.9174591410357489929 
0.2063051240577410128 0.8823777136854520364 
0.2500991851557969881 0.8682430554756861429 
0.2532425916318247205 0.8656687338186325187 
0.2537308877834406617 0.8489353093423028795 
0.2666096987823114994 0.8420760985932846943 
0.2812585833307901240 0.8054218356119222655 
0.3154393139439070071 0.7901701547096087186 
0.3750114444410534986 0.7171084430214255123 
0.4394665364543595687 0.6486394321882352765 
0.5005645924253059320 0.6450683466529472110 
0.5039216284676656388 0.6264950604027423875 
0.5166173284096804430 0.6060124751603990223 
0.5234534745323038418 0.6019024897089998438 
0.5244300668355357242 0.5932143219813922341 
0.5244605853450117205 0.5876372942923829834 
0.5640736106448560605 0.5734486605281441385 
0.5782036805322428030 0.5175686907815979509 
0.6255684072389904315 0.4839172929693734138 
0.7500228888821069972 0.4475541030372685580 
0.7510910367137668686 0.4372819147773120973 
0.7522202215643788437 0.4219846525505451251 
0.7666249580370494421 0.4057417910584166787 
0.7685781426435133179 0.4045010217524329654 
0.8047120578630939658 0.3997715042555191611 
0.8525650807214575355 0.3611102065777040959 
0.8751487777336954821 0.3429859651227020190 
0.9765923032319101527 0.3218709775780882465 
