0. 1.4677287809539245611 
0.0002441480758079775 1.3323258932558719181 
0.0293588061159093007 1.2865333194488588475 
0.0298471022675252558 1.2851761352170063546 
0.0340586565752128700 1.2624041382199773231 
0.0395519882808923612 1.2475143649615563213 
0.0413830988494521962 1.2217788274413436955 
0.0625019074068422498 1.2214030170972045575 
0.0625324259163182461 1.1634590828220294778 
0.0629902035584582049 1.1232662900335845801 
0.1059602649006622516 1.1092432229592013027 
0.1250038148136844995 1.0961730246928271804 
0.1250343333231604959 1.0960059023334158823 
0.1262245551927243803 1.0629583319933451069 
0.1351969969786675496 1.0558690246786410771 
0.1360209967345194781 1.0459824759963067819 
0.1592150639362773512 1.0401625353018943976 
0.1663869136631366819 0.9725751434358816949 
0.1876583147679067309 0.9399734184973626005 
0.1992248298593096711 0.9275915489966782834 
0.2011780144657734915 0.9167605305795956117 
0.2032837916196172934 0.9119457849478781464 
0.2324289681691946163 0.8945705644656264388 
0.2502517777031769697 0.8071529723926964550 
0.2513504440443128929 0.7835992286281590058 
0.3133335367900631496 0.7705639010415780143 
0.3212073122348704235 0.7535032484651401630 
0.3361308633686330705 0.7489468648190384936 
0.4200567644276253509 0.7413176506195823245 
0.4394665364543595687 0.7330867213259694148 
0.4476454969939268058 0.6885645171982776036 
0.5000152592547379982 0.6877311702790180892 
0.5000457777642139945 0.6701315235598966913 
0.5000762962736899908 0.6262523602427518821 
0.5002594073305459688 0.6106599537363340824 
0.5013580736716818365 0.5792737139304321436 
0.5313272499771111157 0.5492485932882053001 
0.5390789513840144043 0.5441082788232524114 
0.6251411481063264830 0.5380041302473481668 
0.6252632221442304683 0.5301056566060544650 
0.6262398144474623507 0.5263197090588259686 
0.6341135898922696246 0.5020881628577567035 
0.6953642384105960250 0.4361050704287979252 
0.7328104495376446259 0.4308660840156963157 
0.7852107303079317591 0.4175743346032910197 
0.8126468703268532323 0.4061978698678901378 
0.8130130924405651882 0.3611030376424471111 
0.8149052400280770714 0.3556458387482637207 
0.9376506851405377318 0.3313982651902953602 
0.9404583880123295048 0.3065420111320457663 
0.9458296456801049690 0.3044312913445360036 
0.9460737937559129396 0.2911577518349914295 
