0. 1.4468067641645347976 
0.0029297769096957305 1.4406981308463719937 
0.0029602954191717276 1.3693102346764518540 
0.0117496261482589199 1.2964942068711029499 
0.0185857722708822892 1.2795104067736695619 
0.0318918424024170685 1.1994787919429790168 
0.0654316843165379802 1.0697837771547826779 
0.1177709280678731624 1.0085380331397266751 
0.1562852870265816207 0.9535121070881437122 
0.2187871944334238705 0.9286675221389870671 
0.2226630451368755148 0.9199420375762251689 
0.2254097109897152673 0.8678006387532556376 
0.2255317850276192526 0.8541295080052280220 
0.2579119235816522693 0.8366800360074261311 
0.3040559099093600448 0.8231097356376481100 
0.3340250862147892685 0.8082910368747877605 
0.3437604907376323737 0.8021018742793042389 
0.3613696707052827528 0.7604820069466033949 
0.3750114444410534986 0.7458962618514816123 
0.3750419629505294950 0.7448933084291863294 
0.3754997405926694398 0.7328227916941216780 
0.4248786889248329368 0.7163878959038741945 
0.4687643055513168733 0.6751105893814760561 
0.5005951109347819283 0.5775718774121231247 
0.5314798425244910973 0.5594127208235298854 
0.5630359813226721855 0.5415812838432337850 
0.5669423505355998261 0.5333646872512830539 
0.5981933042390209509 0.5100854960228042856 
0.6880092776268806887 0.4212919152169117831 
0.7226783043916135130 0.4138528385804798870 
0.7667165135654774311 0.3971703207090414578 
0.8750572222052674931 0.3543696786116861674 
0.8906826990569780555 0.3339159830568355636 
0.9070711386455885261 0.3074003814071062379 
0.9124423963133641013 0.3038642904823802837 
