0. 1.5252477524170133805 
0.00003051850947599719 1.3659949203932211237 
0.0083620715964232307 1.3642992884037274948 
0.0093386638996551408 1.3500624052519631935 
0.0100100711081270791 1.3436305022060746062 
0.0119632557145908994 1.3253261032226528737 
0.0214850306711020234 1.2462064880370289366 
0.0339365825373088778 1.2458081072806062028 
0.0456556901760917996 1.2171833045184372590 
0.0457777642139957919 1.1627759413958413948 
0.0625324259163182461 1.1337097150643020704 
0.1016571550645466449 1.1001389186546803867 
0.1251564073610644812 1.0725983914572825295 
0.1254921109653004685 1.0455050200006048566 
0.1291848506118961071 0.9986033162150138587 
0.1343424787133396525 0.9948609227364656471 
0.1655934324167607774 0.9680821758741093852 
0.1875362407300027456 0.9278640636531217956 
0.1890926847132786137 0.8692205608537953987 
0.2505264442884609366 0.8348547523308348373 
0.2539139988402966397 0.7753604479903242197 
0.2845240638447218418 0.7572732675713709227 
0.3360698263496810778 0.6886996866100735248 
0.4380932035279396786 0.6650424684150348931 
0.4391308328501236091 0.6525267026268142256 
0.5001983703115939761 0.6273714449995215769 
0.5020294808801538666 0.6037537536495140023 
0.5200964384899441351 0.5932321792142618566 
0.5381939146092105108 0.5900201862448073431 
0.5683767204809717644 0.5856770803626105692 
0.6255378887295144352 0.5742827576131962486 
0.6262398144474623507 0.5183087684781589877 
0.6266365550706503029 0.5165467194294384168 
0.6340830713827936282 0.5148967511976677569 
0.6538590655232398019 0.4991510679589574728 
0.6875209814752647475 0.4820102719703056038 
0.6880092776268806887 0.4698119885234636195 
0.6902676473281045277 0.4596255234329041928 
0.7285988952299570220 0.4539511363137698208 
0.7519760734885708731 0.4265924177666938766 
0.7522812585833308363 0.4133356832550701965 
0.7528000732444227738 0.4113225934137664796 
0.8067567979979858306 0.3871736621331682282 
0.8106631672109134712 0.3611010757034031071 
0.8926358836634419314 0.3354696113193944007 
0.9141209143345438992 0.3316928685581025382 
0.9219641712698751768 0.3086148225020686753 
0.9380779442732016804 0.2913557167387845759 
0.9388409070101015885 0.2718342217384985826 
0.9551072725608081848 0.2465016868072047174 
