0. 1.4441832247119947841 
0.00003051850947599719 1.4384042795307285800 
0.00006103701895199438 1.3241121261115373908 
0.0057374797814874721 1.3044900304267044167 
0.0161137730033265175 1.2962005527207633992 
0.0230109561449018847 1.2241302209770348330 
0.0303353984191412109 1.2185303307006472018 
0.0351573229163487655 1.1988711856638565312 
0.0369884334849086005 1.1863911086080691781 
0.0625019074068422498 1.1673808753490702017 
0.0626544999542222314 1.0733373070724001597 
0.0841700491348002511 1.0653855645393366380 
0.0850245674001281759 1.0314099958871105755 
0.1094393749809259297 1.0017469865708792387 
0.1251258888515884848 0.9208283162663849497 
0.1879329813531906979 0.9148713849346304938 
0.2100283822138126755 0.8855849360069881770 
0.2100589007232886718 0.8322567266857768820 
0.2500076296273689991 0.8230744819924913358 
0.2724692526017029604 0.7333074123785076059 
0.3335062715536973310 0.7109814911464118481 
0.3350321970274972028 0.7006521001377221669 
0.3361003448591570741 0.6954033271901751689 
0.3819391460921048864 0.6690098092145233544 
0.4482863856929227841 0.6439757224176961836 
0.4512161626026184868 0.6161550242199198557 
0.4585100863673818305 0.6119042796447425880 
0.5001373332926419835 0.5661079366096488652 
0.5009918515579698806 0.5640241929101303953 
0.5057832575457014146 0.4994896832238014395 
0.5527512436292612019 0.4711724436998397936 
0.6367381817072054195 0.4684881942879111638 
0.6480300302133243928 0.4538622811477384666 
0.7517319254127627914 0.4057811924578543783 
0.7637256996368297912 0.3699997257859374833 
0.8008667256691183178 0.3402723614456443779 
0.8027893917661061973 0.3237997905138269017 
0.8128910184026612029 0.3224693749701905143 
0.8943754387035737219 0.3058987124731044616 
