0. 1.4353560089366612651 
0.0003662221137119663 1.3781176385996856126 
0.0037842951750236518 1.3521875798331590701 
0.0038148136844996490 1.3440960749949131259 
0.0119632557145908994 1.2751637532713384626 
0.0236823633533738212 1.1894370859100173998 
0.0626544999542222314 1.1782085287798591544 
0.0647602771080660472 1.1614521136759874409 
0.0715964232306894183 1.0142415240979474333 
0.1251869258705404775 0.9652162289978032383 
0.1840266121402630573 0.9245642388964567804 
0.1876583147679067309 0.9192858805156991497 
0.1930906094546342433 0.9137448755062508310 
0.1954710531937620122 0.9074357734120445107 
0.2384411145359660589 0.8640113543980868505 
0.2503738517410809550 0.8421358280840609556 
0.3140049439985351243 0.8178336403922948916 
0.3165990173039948674 0.8169779902913707481 
0.3168431653798028380 0.8087873070561111266 
0.3452864162114322455 0.7921554114909780120 
0.3600268562883388590 0.7619993083346050522 
0.3609118930631428079 0.7085579445133033394 
0.3687246314889980892 0.6970783789675097930 
0.4300057985168004304 0.6651312237975821606 
0.4412366100039674110 0.6053486057912503826 
0.5004425183874019467 0.5987617230685196024 
0.5005645924253059320 0.5894681425124582708 
0.6251106295968504867 0.5401738804037634622 
0.6254463332010864462 0.5214457153336723438 
0.6257515182958464095 0.5022410498635571097 
0.6407361064485610491 0.4997616577900566015 
0.6878261665700247107 0.4704704877991502943 
0.7032380138554032989 0.4272964107469844897 
0.7034516434217352732 0.4217609196672032490 
0.7344889675588244238 0.4179697461826353821 
0.7815790276802880854 0.3915525766982541622 
0.8447218237861262580 0.3877704664957188352 
0.8752708517715994674 0.3706886804736916341 
0.8753929258095034527 0.3413405274180415505 
0.8757591479232154086 0.3254515046095652342 
0.8835413678395946935 0.2937581891616385943 
0.9219031342509231841 0.2803871929591819079 
0.9377727591784417171 0.2211387533296998997 
