0. 1.5008497826345470472 
0.0003662221137119663 1.4968487703832040747 
0.0004882961516159551 1.4208935408497955777 
0.0021973326822717978 1.3398382543624303143 
0.0156865138706625586 1.3297734153234592735 
0.0166631061738944687 1.3210984015770770306 
0.0176396984771263789 1.2792328812290889584 
0.0471205786309396649 1.2350970250364350367 
0.0625629444257942424 1.2150462014267295885 
0.0630207220679342012 1.1586629088244215779 
0.0791650135807367150 1.1211580495405106816 
0.1251869258705404775 1.1052888710205326372 
0.1252479628894924701 1.0917600855973628171 
0.1256141850032044538 1.0630794212554794953 
0.1256752220221564464 1.0340967561509071260 
0.1266518143253883566 0.9858208757520739995 
0.1891537217322306064 0.9774261273087669899 
0.1930600909451582470 0.9101193671995692069 
0.2500686666463209917 0.9083457647439689975 
0.2618488113040559062 0.8852554086235890907 
0.2660603656117435101 0.8685010460835632662 
0.2665486617633594513 0.8679065960348323339 
0.2853480636005737425 0.8670971580382287325 
0.3131504257332071717 0.8527078335730512437 
0.3281960509048738039 0.8418172995306055784 
0.3283181249427777892 0.8411517703756969944 
0.3291726432081057419 0.8340547453492523910 
0.3594775231177709252 0.7991747358438193727 
0.3632923368022705768 0.7941198897477331764 
0.3751945554979094766 0.6813041561260008150 
0.4531998657185583035 0.6807343462653140387 
0.4552751243629261091 0.6738117900400313331 
0.4689474166081728512 0.6681236272253138209 
0.5001373332926419835 0.6521486273153579427 
0.5044709616382335726 0.6188304834834900125 
0.6094851527451399242 0.5917977429986238658 
0.6096987823114718985 0.5771281534063681384 
0.6115909298989837817 0.5432076673541029743 
0.6256294442579424242 0.5241013914247092398 
0.6311227759636219847 0.4816894399982433184 
0.7500228888821069972 0.4695526733224818505 
0.7555772576067384394 0.4659109419547142750 
0.7658314767906735376 0.4555981897681188331 
0.7755973998229926947 0.4119703415228508359 
0.8458204901272622367 0.3929554633631677785 
0.8752098147526474747 0.3679816114917547343 
0.8770104068117313689 0.3630302183179910935 
0.8808862575151830132 0.3380664299887973234 
0.8906521805475020592 0.3196876013170482089 
0.9391766106143375481 0.3119226377002396466 
0.9688406018250068641 0.3017755669412136577 
