0.0001525925473799860 5.2628526763812102374 
0.0002441480758079775 4.8785498709115762139 
0.0003357036042359691 4.8782216746482989222 
0.0005493331705679495 4.8504454226365458780 
0.0007019257179479354 4.4146494887474592161 
0.0038148136844996490 4.3853685486702698171 
0.0043641468550675985 4.3273141252123510370 
0.0070497756889553514 4.2260619402089698582 
0.0112002929776909704 4.2143678952695902140 
0.0162968840601825024 3.8996538640018796329 
0.0293588061159093007 3.8379936699042049852 
0.0583208716086306353 3.5755459237631543878 
0.0636616107669301379 3.5703956707773265577 
0.0804773094882045986 3.5635593420183253599 
0.0928678243354594535 3.4591770609715508655 
0.1004669331949827604 3.3283897960094863677 
0.1087679677724539967 3.2371497417864123491 
0.1790520950956755175 2.9873466495345986083 
0.2670064394054994517 2.9421177341783852910 
0.3166600543229468601 2.8496541825361489941 
0.4108096560563981869 2.7950926197934595763 
0.4676046021912289574 2.6789902893121353422 
0.4824976348155156081 2.6401090623569705151 
0.5580919827875606698 2.5686112016031334981 
0.5873287148655659262 2.5015475515741845136 
0.5989562669759208591 2.1080839977020495723 
0.8212836085085604143 2.0903230316117800136 
0.9392681661427655371 2.0565334176428584634 
