0. 5.0324653799080847349 
0.0001831110568559831 4.8948607734823772475 
0.0002441480758079775 4.8336448097309485661 
0.0005188146610919523 4.3133586557346665913 
0.0031434064760277108 3.8210486315583653827 
0.0273445844904934843 3.8084246483568842123 
0.0444349497970519119 3.6424241605010476697 
0.0556047242652668860 3.5906715167890754792 
0.0693990905484176135 3.5486599219251298010 
0.0748008667256691157 3.5367434481923840650 
0.0961638233588671537 3.5180531188974817347 
0.1033661915952024946 3.3419759546762795033 
0.1151768547624134054 3.1588054953830040361 
0.1973632007812738398 3.0214764438050223383 
0.2591631824701681741 2.9164952270756185904 
0.2854396191290017315 2.8223571950021288934 
0.3902706991790521052 2.6293363843837576077 
0.4406872768333994772 2.3723033777102289221 
0.5502792443617053886 2.2552826996646784252 
0.6912442396313364101 2.1324979290781040930 
0.8280281991027558242 2.1268332757851680093 
0.8388927884762108489 2.1106514214959597453 
0.8778344065675832697 2.0713328516601614559 
0.9124423963133641013 2.0182165696588634240 
