0. 4.5995245426696120816 
0.0003051850947599719 4.0171366805732828809 
0.0037842951750236518 3.9718293660748522633 
0.0099490340891750847 3.8553746875780783299 
0.0104678487502670378 3.8548095265972750489 
0.0253303628650776713 3.7366856342195702290 
0.0372631000701925744 3.5657839383140492728 
0.1018402661214026367 3.4703848092527831426 
0.1142612994781334879 3.0414335451218930117 
0.1729178746910000897 2.9742119642700473037 
0.2097842341380047049 2.8794231883733423238 
0.2128055665761284243 2.8028212106300713913 
0.3060090945158238651 2.7680933881636828886 
0.3470259712515640915 2.7146533106933370405 
0.3605456709494308520 2.6852442179174160763 
0.4876247444074831572 2.6785479890628423050 
0.5038605914487136461 2.5681968455748815927 
0.5486617633594774723 2.5664249124130211754 
0.5779290139469588361 2.5520644552119926551 
0.6008789330729087386 2.4303022392611066671 
0.7058015686513871012 2.2470380494970929597 
0.7399212622455518806 2.1758158835714040968 
0.7585985900448621866 2.1331956845574158166 
0.9108249153111361851 2.0857146089507638820 
0.9626758629108553844 1.9742379565469683200 
0.9827570421460616323 1.9551003475975416990 
