0. 6.4119262125582601186 
0.00003051850947599719 5.5124115463282929994 
0.00006103701895199438 5.2620353188977677661 
0.0003662221137119663 5.2135475644955331376 
0.0005493331705679495 5.1161966266348581911 
0.0005798516800439466 4.9188063229279741506 
0.0008850367748039186 4.8315221155989922508 
0.0010986663411358989 4.3116353214941174343 
0.0023194067201757866 4.2460941088285188982 
0.0029602954191717276 4.1592436368306024974 
0.0206305124057741020 4.0776322980547998753 
0.0235602893154698324 4.0443277181950714194 
0.0267342143009735404 3.7740797308662736853 
0.0338145084994048925 3.7451078940833508746 
0.0400402844325083163 3.5832112667240441084 
0.0516373180333872528 3.5546561220695331862 
0.0700094607379375539 3.5277481648918449508 
0.0884426404614398615 3.5209875443877671763 
0.0908536027100436405 3.4178782693381846158 
0.1241187780388805784 3.3954409667069880285 
0.1493575853755302607 3.3778797902549007048 
0.1676381725516525867 3.3141166123301792901 
0.1676686910611285830 3.1978230693179834354 
0.1778008362071596404 2.9780995397211462716 
0.2015747550889614437 2.9760155779271233456 
0.2112186040833765599 2.9559115496172627679 
0.2335276345103305118 2.8607981066954444316 
0.2796105838190862669 2.7894302810847255714 
0.3100070192571794947 2.7799572839282635783 
0.3873104037598803506 2.6282835195292690855 
0.5118259224219489090 2.4693382363290368175 
0.5300454725791192700 2.4373869466472699585 
0.5930051576281014647 2.3691407899843723861 
0.6059450056459242395 2.2849727838362952070 
0.7392498550370799615 2.2329098019420228205 
0.7469405194250312574 2.1807697446189249213 
0.8166142765587328656 2.1113439395835955636 
0.8449354533524582322 2.0940554802354442998 
0.8767967772453992836 2.0480459314866550358 
0.9262367625965147733 1.8525642916967293150 
