0.00003051850947599719 6.1556173097845530151 
0.00006103701895199438 5.3330628883240436266 
0.0001220740379039888 5.0338599501982486117 
0.0004882961516159551 4.3238985530941524971 
0.0036927396465956603 4.2498256919684056498 
0.0044251838740195929 3.8692315539625425913 
0.0200506607257301544 3.7730051908112667292 
0.0782189397869808012 3.5581518466479491458 
0.0854823450422681347 3.3777769339304732910 
0.1458784752952665686 3.2280011023327945807 
0.1535081026642658719 3.0064950742960512287 
0.1729178746910000897 2.8555522749303690055 
0.2262337107455671958 2.4758754522985522151 
0.6024048585467085548 2.2997790414434442496 
0.6876430555131687328 2.1602399769999203194 
0.8847926267281106538 2.0244998596080820974 
