0. 4.5723799070343069673 
0.0015259254737998596 4.4730751662594965268 
0.0025330362865077670 4.2724318599210731051 
0.0104678487502670378 3.8548095265972750489 
0.0267342143009735404 3.7740797308662736853 
0.0338145084994048925 3.7451078940833508746 
0.0555436872463148934 3.7202802500479479342 
0.0601214636677144670 3.5192295111152622766 
0.0972930082094790455 3.3564501728279232395 
0.1302835169530320025 3.2667595229220571795 
0.1432538834803308292 3.2333615339544157230 
0.1761223181859797871 3.2236762271477776842 
0.1933347575304422139 2.9218314012934354373 
0.2097842341380047049 2.8794231883733423238 
0.2128055665761284243 2.8028212106300713913 
0.2796105838190862669 2.7894302810847255714 
0.2978301339762565725 2.4583670224473888055 
0.5004425183874019467 2.4517791271661080188 
0.6008789330729087386 2.4303022392611066671 
0.6598101748710593073 2.1826495690410800954 
0.7399212622455518806 2.1758158835714040968 
0.7741935483870967527 2.1227645745458363358 
0.9027985473189489296 1.8580789403593280795 
