0.00003051850947599719 6.2398559577879826321 
0.0000915555284279916 5.5200513241677313658 
0.0001831110568559831 5.2060303215017835754 
0.0002746665852839747 4.5639528046770303504 
0.0039674062318796350 3.8935120216444283336 
0.0242011780144657726 3.8374120234800530582 
0.0470595416119876722 3.7979977511902687226 
0.0574358348338267141 3.7191908786320917457 
0.0576799829096346917 3.6062790003430755803 
0.0679342020935697483 3.5468286579751366894 
0.0839869380779442731 3.0308236615659516211 
0.2229987487411114744 2.7650897484664209713 
0.3468123416852321172 2.7312191463393977742 
0.3865474410229804425 2.5807655145516532613 
0.4300057985168004304 2.5510544217483968055 
0.4857936338389233222 2.4150394525625360487 
0.6750083925901059212 2.1717635215571493568 
0.8023010956144901451 1.8489060270327251079 
