0. 6.9152290519372403565 
0.00006103701895199438 5.6283197958450976728 
0.0001220740379039888 5.3164968530641791844 
0.0004577776421399579 4.8542034589800362454 
0.0006103701895199438 4.4173947191421873981 
0.0008239997558519242 4.0639672411725671353 
0.0089724417859431745 4.0033388821920086187 
0.0097048860133671071 3.8023388982404644487 
0.0227668080690939072 2.9598749765163789860 
0.1989196447645497079 2.6361357818412991527 
0.5118259224219489090 2.4693382363290368175 
0.5678579058198797158 2.3378571470115985242 
0.6059450056459242395 2.2849727838362952070 
0.6331369975890377422 2.2308486298203815679 
0.7875301370281075908 2.2151310399410308882 
0.8368175298318429878 2.2099405707316219782 
0.8650776696066163618 2.1770843216723205771 
0.8891262550737022430 2.1752321745210894122 
0.9056367687002166988 2.1692825949840388588 
0.9203161717581713752 2.0516642373146813938 
0.9396038697470016077 1.8765046997300844911 
