0.0001525925473799860 5.2300946735339337579 
0.0001831110568559831 5.1992028516894324142 
0.0003051850947599719 4.6655279780026122083 
0.0021668141727958006 4.5359217946404637445 
0.0033265175328836940 4.1118201757224381865 
0.0052797021393475143 3.8619148308626045640 
0.0256050294503616452 3.7605474561164391467 
0.0375377666554765482 3.5239973571898302040 
0.0451063570055238519 3.3693956644185858451 
0.1239967040009765931 3.3626229533889180345 
0.1443525498214667246 3.3510724900592916420 
0.1886349070711386411 3.2787093120952151004 
0.1917783135471663458 3.2045280249955547802 
0.1948606830042420857 3.1593805833807944161 
0.2009338663899655209 3.0374274316573210974 
0.2192754905850398395 2.9153760668164627745 
0.2817773979918820615 2.8823779123375774525 
0.3693044831690420193 2.6439746918189537261 
0.4253975035859248743 2.4982286569912663943 
0.5685903500473037386 2.4844958175038120984 
0.5940733054597613361 2.1853511259611493323 
0.8703268532364879517 2.0450941117167560357 
0.9152195806756797669 1.8900415460056010364 
