0. 5.6680722720398888370 
0.00003051850947599719 4.6448002413488689299 
0.0010071108127079073 4.4638431900995669821 
0.0018921475875118259 3.9772090335167860076 
0.0209051789910580758 3.8092908599284500681 
0.0291451765495773195 3.7432433388998052059 
0.0299386577959532448 3.5755467798490094822 
0.0628376110110782232 3.4738971392428954488 
0.0952482680745872362 3.3675930896176522467 
0.1028473769341105432 3.3317692700421637220 
0.1102023377178258656 3.1752423023786970901 
0.2350230414746543872 3.0951908033862549630 
0.2813196203497421166 3.0534558491136061242 
0.2848597674489578013 2.8804375641717823164 
0.3051850947599719088 2.5167987694893083628 
0.4036988433484908767 2.3959340334395951011 
0.6076540421765801447 2.2993143011577767965 
0.6867580187383648393 2.1926417586173103658 
0.7093722342600787822 2.1762911864463849731 
0.8103274636066774006 2.1035099732727045030 
0.9239783928952910452 2.0863642714866168504 
0.9327066866054262162 1.8887311481001434199 
0.9848017822809533861 1.8064781872564452669 
