0.00003051850947599719 5.0376106218572536122 
0.0002136295663319803 4.9779357351602193660 
0.0002746665852839747 4.5351395102603220266 
0.0004272591326639607 4.4233908935776904414 
0.0023194067201757866 3.9865742399154520115 
0.0094302194280831333 3.8869336626423649506 
0.0192876979888302255 3.6897621862205602916 
0.0563066499832148223 3.1325794370076920359 
0.2147282326731162483 3.0872807087707068163 
0.2345042268135624219 2.9405174913934390979 
0.2666096987823114994 2.8309386436136940723 
0.2681661427655873120 2.7749337902194612937 
0.3058870204779198798 2.6430016535784810472 
0.5130161442915127656 2.6348850290513463612 
0.5134739219336527105 2.6347537809206578174 
0.5843684194463942827 2.6209684580030692125 
0.5864131595812860365 2.6094368478206093620 
0.5955687124240851560 2.5175768614651832244 
0.6001159703360088304 1.9582772086633184472 
