0. 5.5868751466730088850 
0.00003051850947599719 5.2807642152735141394 
0.0003357036042359691 5.1247337522027347489 
0.0006408886989959410 4.9276061983675463196 
0.0007019257179479354 4.8593543897363105088 
0.0012512588885158849 4.5125494903320415574 
0.0012817773979918821 4.4494100996131127346 
0.0022278511917477950 4.3445328400360434529 
0.0026856288338877529 4.1345010846797576320 
0.0140690328684347065 3.6871974067281625409 
0.0519119846186712266 3.4686631827709697440 
0.0633869441816461710 3.4419700874514265187 
0.0728476821192052953 3.4394608789895371181 
0.1377605517746513242 3.1409816157051517749 
0.1650440992461928158 2.9398009384720404924 
0.2293160802026429079 2.9118595343427395861 
0.2782067323831903805 2.8562430801693761140 
0.3289590136417737121 2.8398922260501837655 
0.3672292245246742137 2.6160745718175109076 
0.5468001342814416965 2.4489131312624934367 
0.5837885677663502415 2.4398572847135855390 
0.6194036683248390629 2.4109147027616089076 
0.6717734305856501997 2.3275118105844914140 
0.7128818628498183596 2.2998890380938790123 
0.7451094088564714779 2.1212190879015788703 
0.7900631733146152857 1.8972872121527586398 
