0. 5.6043969805618152336 
0.00003051850947599719 4.9773436059804225806 
0.0004577776421399579 4.9761259051023509770 
0.0007934812463759270 4.9183192236938779729 
0.0013733329264198736 4.6985550462281242545 
0.0020752586443678091 4.5866525049322595109 
0.0021668141727958006 4.4975289947811534219 
0.0023499252296517838 4.4822446094986094778 
0.0035401470992156743 4.4448813232624955205 
0.0043336283455916013 4.3568940587973914447 
0.0045472579119235816 4.3557969929491457961 
0.0051576281014435255 4.2822027466889842628 
0.0058595538193914609 4.0825879205033617225 
0.0265205847346415592 4.0697917319134893077 
0.0298165837580492560 3.6572453031002685186 
0.0312204351939451286 3.3121594543494374818 
0.1848811304055909821 2.9120129741628995035 
0.3159276100955229483 2.4723966523461706757 
0.5503707998901333775 2.4325984045844397663 
0.6611224707785271493 2.3657710107847553793 
0.7348551896725363797 2.2576994472480333975 
0.7547227393414105423 2.2378014248908497663 
0.8348643452253792230 2.1360702814008019068 
0.9136936552018799507 1.9659659032448475457 
