0.0001220740379039888 5.6559134141051830014 
0.0001831110568559831 4.8357708715448506354 
0.0002441480758079775 4.7907601275047584366 
0.0008545182653279214 4.5767262856950212679 
0.0015259254737998596 4.4730751662594965268 
0.0025330362865077670 4.2724318599210731051 
0.0029602954191717276 4.1592436368306024974 
0.0198065126499221769 4.1579353252117474682 
0.0199285866878261657 3.6549496470835491912 
0.0400402844325083163 3.5832112667240441084 
0.0700094607379375539 3.5277481648918449508 
0.0908536027100436405 3.4178782693381846158 
0.1432538834803308292 3.2333615339544157230 
0.1676686910611285830 3.1978230693179834354 
0.1967223120822778892 3.1898958282827258870 
0.2128055665761284243 2.8028212106300713913 
0.2796105838190862669 2.7894302810847255714 
0.3060090945158238651 2.7680933881636828886 
0.3371379741813410047 2.6843770132290187824 
0.5202795495468001130 2.6694239758915552230 
0.5209204382457960358 2.6636986318779793947 
0.5300454725791192700 2.4373869466472699585 
0.6485793633838923267 2.2633932505012452907 
0.7315897091586046619 2.2386983626141718773 
0.7469405194250312574 2.1807697446189249213 
0.8339793084505752185 2.1545512831867212888 
0.9115878780480360932 2.1227828951938834123 
0.9309671315652943146 1.8142535154671093345 
