0.00006103701895199438 4.7624647301618976414 
0.0004882961516159551 4.7300194291091486320 
0.0009460737937559130 4.7010149505250886648 
0.0011902218695638905 4.6903553773811710315 
0.0013428144169438765 4.4921915940121905919 
0.0037232581560716575 4.4313815522765089838 
0.0043641468550675985 4.2235283267739500701 
0.0054628131962034974 4.2104388133952381779 
0.0068971831415753655 3.8187222944386025603 
0.0272530289620654918 3.4410595919436155476 
0.0498062074648274178 3.2298376825413157576 
0.1192968535416730203 2.9423486347035097133 
0.3053987243263038831 2.9084033046701640579 
0.3137302774132511574 2.8854882845611764530 
0.3637501144444105217 2.7962541102685554151 
0.4036378063295388840 2.6960029272778016640 
0.4153569139683218059 2.5887340192366785629 
0.4556718649861140613 2.4932074840123448212 
0.5531479842524491541 2.3585705010840913864 
0.6830347605822931767 2.2316727875929305291 
0.6940214239936521867 2.1166933731494248505 
0.8385570848719748893 2.0489705454343818403 
0.9206823938718833311 1.7678153429263274710 
