0.0000915555284279916 5.0286454582261006507 
0.0003967406231879635 4.5267338606873739337 
0.0026856288338877529 4.4171427562867666694 
0.0038758507034516434 4.0928755416601756423 
0.0150761436811426130 3.9526087771564579754 
0.0176396984771263789 3.9276812867482031599 
0.0251167332987456901 3.6617089347265756594 
0.0448011719107638817 3.5579938507541339909 
0.0975371562852870300 3.2718441713600148191 
0.1615344706564531274 3.1756127829185398781 
0.1840876491592150776 2.9473691633659386824 
0.3346049378948331987 2.9001687653069394557 
0.3625293740653706687 2.6973323662354156127 
0.3891109958189641893 2.6449459697326860308 
0.5135959959715566958 2.5163860932179926699 
0.5248878444776756691 2.2190940051008385403 
0.5775017548142948875 2.1528933090435620201 
0.7583544419690542160 2.0263001442366919136 
0.9744560075685902989 1.9131355943439423140 
