0.00003051850947599719 5.1923430639728049840 
0.0001831110568559831 4.6898921498916523731 
0.0003967406231879635 4.5267338606873739337 
0.0028992584002197333 4.4522864348593493844 
0.0055543687246314890 4.1136436434665490935 
0.0088808862575151838 3.9817724087585855131 
0.0228888821069978959 3.6121332836599084892 
0.0444349497970519119 3.5802413368179961672 
0.0743736075930051532 3.3945149662038951455 
0.0830713827936643556 3.2919441002964964227 
0.1200598162785729561 3.1264080239145433104 
0.1799676503799554350 3.0987838937115608218 
0.2127140110477004353 3.0896683624268854729 
0.2324900051881466090 3.0335011163338703177 
0.2668843653675954664 2.8547157363568476107 
0.3380535294656208945 2.8091498165057520175 
0.3890804773094881930 2.7929417865434524870 
0.4353770561845759501 2.6188499124319815081 
0.5173192541276283585 2.4412510229301997988 
0.5349894711142307857 2.3612101746929647916 
0.6217535935544907799 2.2133968863380917291 
0.8061464278084657931 2.1764100715242800099 
0.8327280495620593692 2.1346817786847678278 
0.9689016388439588567 2.0787340925069410780 
0.9953611865596484476 2.0339234500683462947 
