0.00003051850947599719 5.4121346878559455362 
0.0000915555284279916 5.0286454582261006507 
0.0002136295663319803 4.9170461537653569195 
0.0005188146610919523 4.8716855520908612931 
0.0010071108127079073 4.6356335797877026295 
0.0014038514358958708 4.1740781733589811253 
0.0133671071504867702 4.0043022357012514334 
0.0150456251716666167 3.8585845858709562073 
0.0266731772820215478 3.8495435757485130246 
0.0287484359263893568 3.7486316641110017933 
0.0448011719107638817 3.5579938507541339909 
0.0598162785729544968 3.4550798352152738424 
0.0975371562852870300 3.2718441713600148191 
0.1070894497512741433 3.1456491467701526155 
0.1840876491592150776 2.9473691633659386824 
0.2775963621936704540 2.7148469144483047266 
0.3891109958189641893 2.6449459697326860308 
0.5130161442915127656 2.5541135826910159601 
0.5774712363048188912 2.4207715007469419177 
0.6078371532334361227 2.3759668686474242349 
0.6483046967986083597 2.2557363442369848805 
0.7637867366557817839 2.2073017090731239520 
0.8170720542008728104 2.0980547166633338740 
0.8503067110202338075 2.0009288717112401201 
0.9388714255195775848 1.8806468313128921199 
