0. 5.6680722720398888370 
0.0000915555284279916 4.4792113500527870329 
0.0002746665852839747 4.0792616387563258584 
0.0008239997558519242 4.0639672411725671353 
0.0029908139286477248 4.0608864347936712846 
0.0227668080690939072 2.9598749765163789860 
0.1966307565538499003 2.9586818129904925989 
0.2974944303720206129 2.8193966032408503963 
0.4396496475112155466 2.7358280413392503938 
0.4572283089693899294 2.5997826155162298001 
0.5197607348857081755 2.5608392754134885472 
0.5361796929837946424 2.3086406164296016108 
0.6331369975890377422 2.2308486298203815679 
0.6796777245399334699 2.0840692864866863232 
0.7738273262733847968 1.9697138670155227569 
