0.00006103701895199438 5.4919322660809726244 
0.0002136295663319803 5.4670110711083879096 
0.0002441480758079775 5.0151098604204786824 
0.0003051850947599719 4.7678229133825373864 
0.0004882961516159551 4.5518788907284868372 
0.0012817773979918821 4.4924900749032525837 
0.0019226660969878231 4.4893428184305159689 
0.0020752586443678091 4.4536798545821589812 
0.0042115543076876125 4.1625708883826497697 
0.0161748100222785136 4.0197353593266580418 
0.0208441419721060832 3.6279550913190052874 
0.0744956816309091524 2.8354352735235544003 
0.2262642292550431922 2.7393073028562771043 
0.3821832941679128570 2.7294312144404968556 
0.4077883236182744953 2.6971615030304745275 
0.4409314249092074478 2.6340005661516627811 
0.4579912717062898375 2.6119128519111516340 
0.4617145298623615002 2.6086658551628687519 
0.4910733359782707974 2.5416046370125391363 
0.5012054811243018548 2.3814741703890720537 
0.5732596819971312874 2.1871441090996741607 
0.7654652546769615817 2.0854177332056962335 
0.7946409497360148455 2.0653576184459137011 
0.9461958677938169249 2.0287560832740956229 
0.9609668263801995902 1.9852060307456582677 
0.9954832605975524329 1.9067713009380919953 
