0.0000915555284279916 5.3405700346034050696 
0.0006103701895199438 4.5397971706494804067 
0.0009155552842799158 4.5311141486428212488 
0.0021362956633198035 4.2603857366609503288 
0.0050660725730155339 4.1681056041440092130 
0.0086977752006592007 4.0101086831777772446 
0.0197454756309701843 3.9447771104965396738 
0.0304574724570451996 3.7607350499202745198 
0.0431531723990600316 3.6631727858174829571 
0.0567033906064027815 3.3935639334748404217 
0.1087679677724539967 3.2371497417864123491 
0.1673940244758445883 3.0959784388559623558 
0.2147282326731162483 3.0872807087707068163 
0.2566606646931363644 2.9577524250923428184 
0.2666096987823114994 2.8309386436136940723 
0.3355204931791131440 2.8133186291266234491 
0.3523667104098635594 2.7420649868169930663 
0.3546250801110873985 2.6613264316630402817 
0.5286721396526993244 2.6483222932106507130 
0.5413068025757622470 2.6237308624756487951 
0.5758537553025909750 2.6153047595324623309 
0.5989562669759208591 2.1080839977020495723 
0.8955961790826135749 1.9861435694865501311 
