0. 1.1395306253242591943 
0.00003051850947599719 1.1355605815487332943 
0.0000915555284279916 1.1216979798584407746 
0.0003662221137119663 1.1150285321930588633 
0.0003967406231879635 1.0880101132338799719 
0.0040894802697836238 1.0738567291499441225 
0.0041810357982116153 1.0571621770833465881 
0.0042420728171636097 1.0372031909866838983 
0.0083925901058992287 1.0111618327320803790 
0.0157475508896145512 0.9952865053022489361 
0.0160832544938505212 0.9886011126475047206 
0.0216986602374340046 0.9526196238914871328 
0.0285042878505813793 0.9512724571807401608 
0.0318308053834650689 0.9500241814271915830 
0.0345469527268288251 0.9449321834268982201 
0.0354930265205847320 0.9239261693882242499 
0.0365306558427686418 0.9192098892077856798 
0.0398571733756523314 0.9154194141049286637 
0.0617084261604663245 0.9135712823769061019 
0.0668050172429578565 0.8793125785061460808 
0.0751060518204290928 0.8784533463664959685 
0.0849635303811761833 0.8771595968011643984 
0.0855128635517441310 0.8620421275568125319 
0.1024201178014465807 0.8431445466787814702 
0.1090121158482619673 0.7963779827194117367 
0.1090731528672139600 0.7619107079591425080 
0.1235999633777886270 0.7575531503630231755 
0.1394085512863551812 0.7491046084304701091 
0.1683095797601245058 0.7431278886181061916 
0.2492141483809930669 0.7259667806187091177 
0.2497024445326090358 0.6635319018486619536 
0.2514114810632648855 0.6105395039709081706 
0.2883999145481734860 0.5891499105343984688 
0.3451643421735282602 0.5480421421464656273 
0.3747062593462935354 0.4706256182259640486 
0.4004638813440351552 0.4602439825271111840 
0.4074526200140385357 0.4453062574576020505 
0.5025482955412458041 0.3953395454125213093 
0.5102694784386730964 0.3587634047654865155 
0.5326700643940549540 0.3575167192613902256 
0.6042664876247444416 0.3531113483686747489 
0.7060457167271950718 0.2869651341105778353 
0.7826776940214239531 0.2808055485003046470 
0.7845698416089358362 0.2219189812583364785 
0.8701132236701559774 0.1783742370372816688 
0.9560533463545640709 0.1524351670568110662 
0.9631031220435194440 0.1353579079309059352 
0.9713736381115146701 0.1218936483923704628 
0.9794915616321299145 0.1057652408689051943 
0.9870601519821772252 0.0895079993858987344 
0.9951170384838404770 0.0860208730320042442 
0.9990539262062441139 0.0761135459042881490 
