0. 1.0630312456918913355 
0.0001220740379039888 1.0539665209926030176 
0.0004882961516159551 1.0492432316273396786 
0.0078127384258552812 1.0086001947290317293 
0.0156254768517105624 0.9404587174268914662 
0.0156559953611865588 0.9387842448102365900 
0.0249031037324137089 0.9180010112002519040 
0.0312509537034211249 0.8964882058904094508 
0.0322275460066530350 0.8851869051042871028 
0.0390636921292764061 0.8647592742792212794 
0.0634784997100741599 0.8131768058910407992 
0.0781273842585528122 0.7903776359306998733 
0.0781579027680288085 0.7833956598096341040 
0.0860927152317880751 0.7629146066060457088 
0.0937528611102633747 0.7500562337747564978 
0.0947294534134952848 0.7496873102487158214 
0.0976592303231910153 0.7467282506298779099 
0.1016266365550706485 0.7407723186422358053 
0.1094088564714499334 0.7330080260315684493 
0.1172215948973052146 0.7047547588662678164 
0.1406292916653950620 0.6959775487210931866 
0.1406598101748710583 0.6959428959105578016 
0.1494491409039582497 0.6858251261817137623 
0.1499069185460982223 0.6636296791689390018 
0.1684621723075045152 0.6467209597375279673 
0.1840876491592150776 0.6260642614828028085 
0.1884823145237586595 0.6232234542863031024 
0.2070375682851649524 0.5943246393976383546 
0.2382885219885860773 0.5900811282974942618 
0.2422254097109897142 0.5639934403236879223 
0.2446974089785454998 0.5585858708165932773 
0.2522049623096407900 0.5578569556245747130 
0.2656636249885555578 0.5374100705876768691 
0.2695394756920072021 0.5351941373630931809 
0.2890713217566454052 0.5241715786402892929 
0.3154393139439070071 0.4804069017959085031 
0.3154698324533830034 0.4798281497393037664 
0.3476668599505600143 0.4542814861195795251 
0.3906369212927640611 0.4179783301487367542 
0.4179815057832575453 0.4145712210697156674 
0.4184698019348734865 0.4048957754763459205 
0.4404431287575915066 0.3847169580294293456 
0.4570451979125339514 0.3661331397801612098 
0.4800561540574358466 0.3636248231005189124 
0.4942167424542985299 0.3529863538024749503 
0.4947050386059144711 0.3388805495344017760 
0.5390789513840144043 0.3210799083799803499 
0.5634937589648121303 0.3081096628934724691 
0.5664235358745078885 0.2910002516862986166 
0.5861079744865260732 0.2724749669490492687 
0.6250190740684224977 0.2501702719516820106 
0.6328318124942777789 0.2445879347516613789 
0.6342967009491256025 0.2436611847798946795 
0.6484572893459883414 0.2360303891876192606 
0.6875209814752647475 0.2226132268720915353 
0.6914273506881923881 0.2097558455922328147 
0.6953337199011200287 0.2078894974399811413 
0.7481307412945952251 0.1929696542957050065 
0.7519760734885708731 0.1787400449074807718 
0.7676015503402814355 0.1745174535558025597 
0.7890865810113834033 0.1656679469173215069 
0.7891476180303353960 0.1485033399088839801 
0.7930539872432630366 0.1449338476203495818 
0.8154545731986450052 0.1326364076684336812 
0.8692281868953520840 0.1234796082871638806 
0.8751487777336954821 0.1141344927251438518 
0.8867458113345744186 0.0949275213500917203 
0.8877224036378063010 0.0926764895021705698 
0.9023712881862849811 0.0894699655684083606 
0.9375286111026337465 0.0651788325119975337 
0.9453413495284890278 0.0583051476684433787 
0.9766533402508621453 0.0518273449704011457 
0.9767754142887661306 0.0496854446754342940 
0.9864192632831813023 0.0495795230903051873 
0.9942320017090365836 0.0361984775618597598 
