0. 1.1156535749276763614 
0.0001220740379039888 1.0909156983918211203 
0.0004882961516159551 1.0843002133835759615 
0.0019531846064638203 1.0430764935400356208 
0.0024414807580797754 1.0161448181306360627 
0.0102542191839350566 0.9907003442708052221 
0.0219733268227179784 0.9418001261573335503 
0.0220038453321939748 0.9214147577260340949 
0.0312509537034211249 0.8993741077077082036 
0.0313730277413251171 0.8974813616561087004 
0.0469985045930356796 0.8774494648278857722 
0.0494399853511154549 0.8674714942081412916 
0.0494705038605914513 0.8663411220933778800 
0.0495010223700674476 0.8623158212932406919 
0.0572832422864467325 0.8549352921575767983 
0.0628070925016022269 0.8391289239303257874 
0.0666524246955778749 0.8359712822712397351 
0.0742210150456251716 0.8317895847124907593 
0.0845057527390362245 0.7960569581125109817 
0.0976592303231910153 0.7467845347750526885 
0.1135288552507095622 0.7348294219527281568 
0.1274452955717642888 0.7306493881395899059 
0.1430707724234748512 0.7300069947662085612 
0.1562852870265816207 0.6834748569546524877 
0.1588488418225653953 0.6725331574529546108 
0.1723990600299081522 0.6683521471407282144 
0.1743522446363719725 0.6381700549312846471 
0.2187566759239478742 0.6176886917030984803 
0.2187871944334238705 0.6114304141801690795 
0.2229071932126834854 0.6031723470151152400 
0.2369762260811182075 0.5887667576040459538 
0.2447889645069734887 0.5719982551150963879 
0.2539139988402966397 0.5675770730849698520 
0.2813806573686941093 0.5208668517778992646 
0.2993560594500564442 0.5068775600298616180 
0.3463545640430921169 0.4664816823476271024 
0.3614917447431867381 0.4618033956296831999 
0.4063844721823786088 0.4479608069005391324 
0.4082155827509384438 0.4425909905067190175 
0.4088564714499343666 0.4130146459697254246 
0.4455702383495590002 0.3935984624070219540 
0.4713583788567766164 0.3611901274167425013 
0.5220191045869320146 0.3523638100195011780 
0.5313882869960631083 0.3396478463953130356 
0.5470137638477736708 0.3058256734663060139 
0.5742362743003631698 0.2925986931065321372 
0.6054872280037842946 0.2713749324945805563 
0.6211127048554948571 0.2703168656279238413 
0.6564226203192236042 0.2561452990109875927 
0.6642353587450788854 0.2474956443817193930 
0.6743675038911099984 0.2305272229338382051 
0.6992400891140476693 0.2216177550398858165 
0.7189245277260658540 0.2165178033969394344 
0.7365031891842402922 0.1824298764730102329 
0.7852107303079317591 0.1816069406841022416 
0.7852717673268837517 0.1771012646395543066 
0.8165227210303048766 0.1728072008612589194 
0.8281502731406598095 0.1528517701989877686 
0.8320566423535874501 0.1526291879910543214 
0.8458815271462142293 0.1480499929048424701 
0.8615070039979247918 0.1219871497970357738 
0.9064302499465926033 0.1209878401404438642 
0.9088717307046724203 0.0857465850371796484 
0.9414349803155613872 0.0779537535888928518 
0.9492477187414166684 0.0727803476891921569 
0.9493697927793206537 0.0710540216011356779 
0.9570604571672719496 0.0679689549758451805 
0.9804986724448377933 0.0530738723915851751 
