0. 1.1398147631711046390 
0.00006103701895199438 1.1012680140622057578 
0.0002441480758079775 1.0737109311530743660 
0.0003662221137119663 1.0589617940715059241 
0.0107425153355510117 1.0343869978161051026 
0.0156865138706625586 1.0225709171994359359 
0.0158696249275185400 0.9700555200574418890 
0.0220343638416699745 0.9358035815688937609 
0.0314951017792291024 0.9015419988191540890 
0.0324716940824610126 0.8962992405151400943 
0.0469069490646076837 0.8898502272231023635 
0.0471205786309396649 0.8803644927740578163 
0.0480971709341715750 0.8634876536939228853 
0.0625629444257942424 0.8577230890925978679 
0.0625934629352702388 0.8436486176799109504 
0.0664387951292458867 0.8198688510489312575 
0.0845362712485122209 0.7870384533959196016 
0.0941190832239753444 0.7787288712808096980 
0.1093783379619739371 0.7422239477411372022 
0.1096224860377819216 0.7354674970098957765 
0.1251258888515884848 0.7258050801507949234 
0.1253700369273964554 0.7218403390716153778 
0.1406292916653950620 0.6970495869106180242 
0.1721243934446241575 0.6580422219336005130 
0.1875667592394787420 0.6402929446812378744 
0.1875972777489547383 0.6340862424869171399 
0.2188482314523758632 0.6027552454374232038 
0.2344737083040864256 0.5892620420427502337 
0.2522049623096407900 0.5878646735199267725 
0.2536698507644886691 0.5720250874689911669 
0.2656331064790795615 0.5595533811937686286 
0.2656941434980315542 0.5526662083104064704 
0.2969450972014526791 0.5396839065560855575 
0.2970061342204046717 0.5195837328404722122 
0.3126010925626392378 0.5175558854957988952 
0.3147068697164830398 0.5059231881961595567 
0.3148289437543870251 0.4952975276538589267 
0.3300881984923856316 0.4875521305449962428 
0.3441267128513443296 0.4749370004114266686 
0.3597521897030548921 0.4603328223209505188 
0.3751335184789574839 0.4511166786160884512 
0.3790398876918851245 0.4488301981438365673 
0.3809320352793969522 0.4485680340699477742 
0.3906369212927640611 0.4422493284625826360 
0.3916135135959959990 0.4325032180615210886 
0.4141056550798059010 0.4277324459405174584 
0.4375743888668477410 0.3916797435298198238 
0.4398327585680715246 0.3888583484967099157 
0.4690084536271248439 0.3694944085251591903 
0.5039521469771416351 0.3488817718442097093 
0.5117343668935209200 0.3447505116688910909 
0.5117648854029969163 0.3425921553982013146 
0.5352031006805627600 0.3270282937327219086 
0.5471358378856776561 0.3205510139216610765 
0.5471968749046296487 0.3203486716439527537 
0.5549485763115329373 0.3160708051231127524 
0.5664540543839838849 0.3159757013051884278 
0.5781426435132908104 0.3051029447219312796 
0.5800958281197546862 0.2993201923367547201 
0.5840021973326823268 0.2935603829834430578 
0.6096377452925199059 0.2922228704541612876 
0.6097598193304238912 0.2900086596269836892 
0.6098208563493758838 0.2828880334523040663 
0.6252632221442304683 0.2598186846506008729 
0.6408886989959410307 0.2590400435542088986 
0.6640827661976989038 0.2378643032044901739 
0.7188329721976378650 0.2117414766988214292 
0.7188634907071138613 0.2093810052244053088 
0.7500839259010589899 0.1793552657869693645 
0.7657094027527695523 0.1677652215667612690 
0.7970213934751426699 0.1576409649835996130 
0.7970519119846186662 0.1576231245014171334 
0.8283028656880397911 0.1354594931998377716 
0.8597674489577928902 0.1190833015048304300 
0.8752708517715994674 0.1177846310995288720 
0.8916287728507339416 0.1057540213290438097 
0.9065218054750205923 0.1004458026157453165 
0.9141209143345438992 0.0964939777820218309 
0.9378948332163457024 0.0767956580141809925 
0.9690237128818628420 0.0576371519512489591 
