0. 1.0563540062910223849 
0.0039063692129276406 1.0320110418233776617 
0.0080568865016632588 0.9897852275973770819 
0.0097659230323191015 0.9869034153312251645 
0.0156254768517105624 0.9309294324304284718 
0.0161137730033265175 0.9285700039015096774 
0.0234382152775658437 0.9176384394289880397 
0.0312814722128971212 0.9133200322024455087 
0.0405896176030762640 0.9082347605830104475 
0.0410168767357402264 0.8625492716637033208 
0.0468764305551316873 0.8424897882548322281 
0.0625019074068422498 0.7983874539802904291 
0.0976592303231910153 0.7478218266746452514 
0.1093783379619739371 0.7452207860934935146 
0.1132847071749015777 0.7385909574004939637 
0.1171910763878292183 0.7360764594341384637 
0.1250038148136844995 0.7193363688739028428 
0.1254921109653004685 0.7037289160697925983 
0.1347697378460036011 0.6948891277934409194 
0.1367229224524674214 0.6867483208496075742 
0.1406292916653950620 0.6703690567802037536 
0.1665089877010406949 0.6635022154690191076 
0.1666310617389446802 0.6605123434503485935 
0.1718802453688161869 0.6280253607250547709 
0.1728568376720480970 0.6273468777828430376 
0.1821649830622272537 0.6187279973711026226 
0.1879940183721427183 0.6159776798433225231 
0.1992248298593096711 0.5973070069936952109 
0.2153996398815881952 0.5781418318196480666 
0.2343821527756584366 0.5666094592322917789 
0.2363353373821222569 0.5459296902675918606 
0.2656941434980315542 0.5397839857048255530 
0.2812585833307901240 0.5274414306833584698 
0.2940153202917569764 0.5026177373596748543 
0.3018280587176122576 0.4993379565824950794 
0.3096407971434675388 0.4866675951459427662 
0.3437604907376323737 0.4565866196109709119 
0.3438215277565843664 0.4540001641565000745 
0.3754997405926694398 0.4346370545132962615 
0.3906369212927640611 0.4147725940407567258 
0.4067506942960905647 0.3978234752648081574 
0.4321726126895962250 0.3947490934232138482 
0.4380016479995116896 0.3856381264100877671 
0.4394665364543595687 0.3840564348841007947 
0.4433729056672872093 0.3828468582032850120 
0.4475234229560228205 0.3787678012759690960 
0.4692526017029328145 0.3699951634059626127 
0.4726706747642445139 0.3576400737371733252 
0.5000762962736899908 0.3299694174566361604 
0.5156407361064485606 0.3169920126336996380 
0.5468916898098696855 0.2948683702966696241 
0.5781426435132908104 0.2697336533042128392 
0.6093935972167119353 0.2456097237530041888 
0.6367381817072054195 0.2351591686633760780 
0.6523636585589159820 0.2261310475293092093 
0.6875209814752647475 0.2020465941028400103 
0.6992400891140476693 0.2001033938029720127 
0.7154148991363261656 0.1845304526262483980 
0.7466658528397472905 0.1745282091085082199 
0.7519760734885708731 0.1666888839141678069 
0.7812738425855281221 0.1620555991636408455 
0.7832270271919919979 0.1490734478810933627 
0.8437757499923703719 0.1056780421807808623 
0.8755149998474074380 0.1051230918886999627 
0.8867458113345744186 0.0896830397104511623 
0.9394817957090976224 0.0713090904385054874 
0.9424726096377452622 0.0657067179219611580 
0.9502853480636005434 0.0592666916956586520 
0.9687795648060548714 0.0468736923598343166 
0.9726859340189825120 0.0447433956093462870 
