0. 1.0917007544386014839 
0.0004882961516159551 1.0717985764337567556 
0.0029297769096957305 1.0639544936720148893 
0.0039674062318796350 1.0544532395859536056 
0.0059205908383434553 1.0383687278605828741 
0.0083925901058992287 0.9999299955969463971 
0.0137333292641987365 0.9939574141997781220 
0.0142216254158146916 0.9902993405098913238 
0.0162053285317545100 0.9620006957863311836 
0.0175786614581743827 0.9419604623505191121 
0.0240180669576097912 0.9326144377435926502 
0.0253913998840296640 0.9267042126194298124 
0.0258796960356456191 0.9198559899160381192 
0.0320444349497970501 0.9113846580163652566 
0.0395519882808923612 0.8846166503924203228 
0.0554826502273628938 0.8337875472112741271 
0.0800805688650166325 0.7741406848409981833 
0.0810571611682485427 0.7732788150183030895 
0.1020538956877346110 0.7618641699255801480 
0.1055330057679982891 0.7423284491849774236 
0.1333048493911557497 0.7053889238519163163 
0.1484420300912503432 0.7040798563269807797 
0.1564378795739616024 0.6758310551724219239 
0.1875057222205267493 0.6468658595790951482 
0.2031311990722373117 0.6223188220316914210 
0.2305368205816827887 0.5830347195275962235 
0.2817468794824060652 0.5363287666889755556 
0.2973723563341166276 0.5336177044138341596 
0.3054902798547318721 0.5262423939173310750 
0.3310647907956175695 0.4823424149121603444 
0.3521225623340555888 0.4536862453966928887 
0.3769646290475173189 0.4522868012267617921 
0.3906369212927640611 0.4425483700935096687 
0.4064455092013306015 0.4135893730662978385 
0.4083986938077944218 0.4107719953678474201 
0.4531388286996063108 0.3839176645206905936 
0.4614398632770775332 0.3744806862921163937 
0.4843897824030274357 0.3633779302040663905 
0.4853663747062593736 0.3547802096449647058 
0.5078279976805932794 0.3505015231056686220 
0.5175939207129124364 0.3307845056807433570 
0.5215002899258400770 0.3271871819296956474 
0.5488448744163335613 0.3246037543081897181 
0.5547044282357249667 0.3224496312149094934 
0.5566576128421888425 0.3104367139054518554 
0.5625171666615802479 0.3046572002636748766 
0.5703299050874355291 0.2980817206196907376 
0.5977355265968810061 0.2833054500673433118 
0.6055482650227362873 0.2719623461664507080 
0.6465041047395245766 0.2425117234347224926 
0.6718955046235541850 0.2396229663383564190 
0.6963103122043519111 0.2193385631244798017 
0.7267067476424451389 0.2175302769666740688 
0.7343974120303964348 0.2057944165123240798 
0.7346415601062044054 0.2017350328446749774 
0.7422101504562517160 0.1952331759378365672 
0.7583239234595782197 0.1825549352201446540 
0.7817621387371440633 0.1684672045588340439 
0.7895748771629993445 0.1570342438542543517 
0.8052308725241859033 0.1546370967218124171 
0.8211310159611804327 0.1444828720299725644 
0.8518936735129856164 0.1409836268609679366 
0.8520767845698415943 0.1299084148257244609 
0.8521378215887935870 0.1228981654076408414 
0.8672139652699362156 0.1179874048245530965 
0.8750267036957914968 0.1121952672762756009 
0.8989532151249732816 0.1069712839658257253 
0.9004181035798212163 0.1030798973371662985 
0.9006622516556291869 0.1021321269045521729 
0.9453413495284890278 0.0869895420567540073 
0.9531540879543443090 0.0681454207097384190 
0.9609668263801995902 0.0578123580026347061 
0.9922177800836207151 0.0512516717837255206 
