0. 1.0796911947785987618 
0.0087893307290871914 1.0066651033906757195 
0.0089114047669911801 1.0048432295716760443 
0.0126956999420148320 0.9882227512847767681 
0.0156254768517105624 0.9476231673514579068 
0.0161137730033265175 0.9451046111695085017 
0.0200201422162541581 0.9286089977543752205 
0.0312509537034211249 0.8996601192374376055 
0.0351573229163487655 0.8699074404311927244 
0.0546891689809869686 0.8636155156833901225 
0.0556657612842188787 0.8477975360281584383 
0.0625019074068422498 0.8296267534474414118 
0.0712912381359294411 0.8225985419810457611 
0.0751976073488570818 0.7840032687318863047 
0.0753196813867610670 0.7793719184270173628 
0.0908230842005676442 0.7603271448783267550 
0.1250038148136844995 0.7098941428847312940 
0.1411175878170110309 0.6907271232363145774 
0.1562547685171056244 0.6590873962866726776 
0.1601611377300332650 0.6489674886039435986 
0.1875057222205267493 0.6220904883002388308 
0.1884823145237586595 0.6211650251991898131 
0.2187566759239478742 0.6060561354507952858 
0.2226630451368755148 0.5797811024280343783 
0.2226935636463515111 0.5793603818916716053 
0.2253486739707632747 0.5768719303867267945 
0.2423169652394177032 0.5654861147521349496 
0.2661214026306955027 0.5626219158848355661 
0.2812585833307901240 0.5360462249275560476 
0.2813806573686941093 0.5358695813170343269 
0.2851649525437177646 0.5282060676472877247 
0.3125095370342112488 0.5027868830124021526 
0.3293557542649617198 0.4924814925162802615 
0.3437604907376323737 0.4653565045542815137 
0.3750114444410534986 0.4374224126085037301 
0.4101687673574022641 0.4165375838633037508 
0.4375133518478957484 0.3871606101526426924 
0.4531998657185583035 0.3859803334566203059 
0.4687643055513168733 0.3637639181015192569 
0.4846644489883114026 0.3624649252926741561 
0.5312662129581591230 0.3324727152834948130 
0.5400555436872462867 0.3290787087988364945 
0.5471358378856776561 0.3274789552783661239 
0.5703299050874355291 0.3057912280538755967 
0.5713064973906674115 0.3005001334295004378 
0.5869319742423779740 0.2939666733972968182 
0.5937681203650013728 0.2908301820598149790 
0.6093935972167119353 0.2701488999041520289 
0.6172063356425672165 0.2699878622550759277 
0.6174504837183751871 0.2649925396014964352 
0.6562700277718436226 0.2573465089507821491 
0.6563005462813196189 0.2380738345704868364 
0.6723838007751701262 0.2365963382687273631 
0.7070528275399029505 0.2213808925883229417 
0.7188024536881618687 0.1958713977656386662 
0.7423322244941557013 0.1855575995909021780 
0.7812738425855281221 0.1675481203763332927 
0.7813043610950041184 0.1638901107125409484 
0.8125247962889492470 0.1520910110194888254 
0.8293710135196996624 0.1399060726760195939 
0.8594012268440809343 0.1174976685573050072 
0.8613544114505448102 0.1144684401153397563 
0.8906521805475020592 0.0954136362339437216 
0.9223914304025391253 0.0795556351025669128 
0.9536423841059602502 0.0661601537939332379 
0.9614551225318155314 0.0650356441275923847 
0.9848933378093813751 0.0455321632898050624 
0.9863582262642293097 0.0451770871291374623 
0.9868465224158452509 0.0436993511957609118 
