0. 1.0693201633687383634 
0.0001220740379039888 1.0541737735782508167 
0.0019531846064638203 1.0362349373846486689 
0.0089114047669911801 0.9861675778470383458 
0.0089419232764671782 0.9750518232422948905 
0.0099185155796990884 0.9675694918789128351 
0.0156254768517105624 0.9614938698747893531 
0.0157475508896145512 0.9406575165501407376 
0.0265205847346415592 0.9137052088089450130 
0.0313730277413251171 0.8950553661880283895 
0.0342112491225928517 0.8854634906098897140 
0.0420239875484481329 0.8671088254482074431 
0.0576494644001586953 0.8379887685912651429 
0.0625019074068422498 0.8199500834227350099 
0.0625629444257942424 0.8150085980780950035 
0.0703146458326975310 0.8005484793607688942 
0.0909756767479476258 0.7753777826031721387 
0.1026947843867305477 0.7364902445566600120 
0.1065706350901821919 0.7310653565963661782 
0.1066011535996581883 0.7275483375487826754 
0.1250038148136844995 0.7041206335668517280 
0.1251258888515884848 0.6980161334933697725 
0.1328165532395397808 0.6890357282208043888 
0.1329386272774437661 0.6882858645473344250 
0.1455427716910306091 0.6853920140407355754 
0.1562547685171056244 0.6598227416433121162 
0.1709341715750602730 0.6590648122621792782 
0.1767632068849757376 0.6463191079893765290 
0.1767937253944517340 0.6291897276378954906 
0.1895199438459425623 0.6282145019001635910 
0.2002014221625415813 0.6226635640296901419 
0.2002319406720175776 0.6112382662995327065 
0.2158574175237281401 0.5976129284533083785 
0.2314828943754387025 0.5784948401478663404 
0.2334360789819025228 0.5671189509042748877 
0.2500076296273689991 0.5502047487521093405 
0.2695394756920072021 0.5463432901218803206 
0.2813196203497421166 0.5210953721697798580 
0.3017975402081362613 0.5073275000405825796 
0.3125095370342112488 0.4885005565791000204 
0.3144627216406750692 0.4859274769308183917 
0.3409833063753166527 0.4732453090801311268 
0.3750114444410534986 0.4299805265668599219 
0.3759880367442854365 0.4270917785795507737 
0.4063234351634266162 0.4065665852418358650 
0.4268013550218207608 0.3904464807012862360 
0.4384899441511276863 0.3900969163152764874 
0.4389782403027436275 0.3891082095870704305 
0.4539933469649342079 0.3760944508248715845 
0.4618060853907894891 0.3701102656616795938 
0.4688253425702688659 0.3589342959463722171 
0.4893032624286630106 0.3559505162418307167 
0.4924466689046906875 0.3416829874259958988 
0.5166478469191564393 0.3283235610722690656 
0.5243079927976317389 0.3255984866187945359 
0.5625171666615802479 0.2905395139516746550 
0.5868099002044739887 0.2755516156002833506 
0.5986816003906368921 0.2753974709796397913 
0.6066164128543961587 0.2686677462707359187 
0.6250190740684224977 0.2456384218370421535 
0.6562700277718436226 0.2335671429997027981 
0.6640827661976989038 0.2313244737463478473 
0.6846217230750449856 0.2259011802893889920 
0.6875209814752647475 0.2132276147807411482 
0.7118137150181584882 0.1990766441950358179 
0.7315897091586046619 0.1935040948445780062 
0.7316202276680806582 0.1850668171511197224 
0.7656483657338175597 0.1701516877341754386 
0.7813348796044801148 0.1681130968301278450 
0.7968993194372386846 0.1481662467606443823 
0.8008056886501663252 0.1442252494891282932 
0.8125247962889492470 0.1411208717923385092 
0.8594012268440809343 0.1173821716683790539 
0.8750267036957914968 0.0983241054525075125 
0.9062776573992126217 0.0957086173448198213 
0.9063386944181646143 0.0784988875177535378 
0.9141514328440198955 0.0755864831898717671 
0.9268166142765587034 0.0754902917687381852 
0.9304483169042023771 0.0721682196939341936 
0.9346293527024139847 0.0602737332230189535 
0.9618213446455274873 0.0580744622667856425 
0.9688406018250068641 0.0462534737996084383 
0.9816278572954496573 0.0414531923011465728 
0.9929502243110446269 0.0333935132153434996 
