0. 1.0781663216671946159 
0.00006103701895199438 1.0601373444929855783 
0.0001831110568559831 1.0566444562953132280 
0.0004882961516159551 1.0563553396308320575 
0.0020142216254158147 1.0440480730175725199 
0.0023804437391277810 1.0386047382695811070 
0.0048829615161595508 1.0117501362759118155 
0.0088198492385631894 0.9846118541067830909 
0.0117191076387829218 0.9573671031880007787 
0.0140385143589587084 0.9507268979702248046 
0.0156865138706625586 0.9358913124622058044 
0.0169377727591784426 0.9351213353198126743 
0.0177007354960783715 0.9277986790862148281 
0.0247199926755577275 0.8979252022086482432 
0.0429700613422040467 0.8600433902214462689 
0.0433362834559160165 0.8582007727912482897 
0.0452894680623798368 0.8424074881307621609 
0.0683614612262337107 0.8360853087647267534 
0.0742210150456251716 0.7805547833642683120 
0.0744651631214331561 0.7796087875617324636 
0.0898464918973357340 0.7722291613091588625 
0.1054719687490462965 0.7236008386540067061 
0.1093783379619739371 0.7203260551556571745 
0.1409649952696310216 0.7112287793828560023 
0.1419110690633869354 0.6863969247193784096 
0.1419415875728629317 0.6733493278869917553 
0.1582689901425214374 0.6600741385140971307 
0.1758476516006958201 0.6294305947736191786 
0.1895199438459425623 0.6211719538138180674 
0.1992248298593096711 0.6023731301029854324 
0.2148503067110202336 0.5982699027432385463 
0.2207708975493636872 0.5777678491667236349 
0.2382885219885860773 0.5655349559038044260 
0.2500686666463209917 0.5550324517752522890 
0.2510147404400769333 0.5440174796373961064 
0.2656636249885555578 0.5242346200786999200 
0.2666402172917874958 0.5228946924427195775 
0.2968840601825006864 0.5039417281289287898 
0.3281350138859218113 0.4813253835912603140 
0.3539841914120914201 0.4582230630874437049 
0.3593859675893429362 0.4349227524257451294 
0.3916440321054719953 0.4187252578592285945 
0.4218878749961851859 0.3881975546096039786 
0.4560991241187780654 0.3670779460918864312 
0.4687643055513168733 0.3618431894450456765 
0.4707174901577806936 0.3521893396076405947 
0.4922025208288827169 0.3358842654847181697 
0.5169530320139164026 0.3212300036741029818 
0.5468916898098696855 0.3043713614130766909 
0.5478682821131015679 0.2993570655690279692 
0.5488448744163335613 0.2948157324586348493 
0.5869930112613299666 0.2881066048120385359 
0.5874202703939939152 0.2719732942532042119 
0.6182439649647510915 0.2537104805180091516 
0.6225775933103426807 0.2526272101211837762 
0.6338084047975096613 0.2509494858441152498 
0.6484572893459883414 0.2447098288882891826 
0.6718955046235541850 0.2284742628226257566 
0.6953337199011200287 0.2206386259023764285 
0.6963103122043519111 0.2096818968391294391 
0.6992400891140476693 0.1952920030966562581 
0.7343974120303964348 0.1765294112290261008 
0.7676015503402814355 0.1587542632946741805 
0.7754142887661367167 0.1550784369303269128 
0.7988525040437025604 0.1447201011243450242 
0.8086184270760216064 0.1337680226468149491 
0.8088625751518295770 0.1300167779351369957 
0.8227484969634083489 0.1292386043180061561 
0.8374279000213629143 0.1257077453773260967 
0.8457289345988342477 0.1215404333517030588 
0.8525650807214575355 0.1187876838046287714 
0.8539994506668294738 0.1074166754518606354 
0.8919034394360179085 0.0971928292523794174 
0.8919644764549699012 0.0918415722061649009 
0.8984649189733573404 0.0895435458353688041 
0.9297158726767784653 0.0876698738150101103 
0.9336222418897061059 0.0861621244830119010 
0.9453413495284890278 0.0811351696236841807 
0.9463179418317209102 0.0636201875787052451 
0.9463484603411969065 0.0557963200645291979 
0.9707327494125187473 0.0428179471426746658 
