0. 1.0771623679416739705 
0.0009765923032319101 1.0573881916505010192 
0.0039063692129276406 1.0187529794649725634 
0.0080568865016632588 1.0181152114714082657 
0.0097659230323191015 1.0029674651208271285 
0.0102542191839350566 0.9794712452887548437 
0.0119632557145908994 0.9716034178698390589 
0.0122074037903988769 0.9627517741871892687 
0.0195318460646382031 0.9529956839878432895 
0.0200201422162541581 0.9391746730116189434 
0.0312509537034211249 0.8901977797379945212 
0.0432142094180120243 0.8811093709457322731 
0.0468764305551316873 0.8751375778940999606 
0.0471205786309396649 0.8686877065910523221 
0.0507827997680593279 0.8440560097901154135 
0.0664082766197698904 0.8165605457594982131 
0.0781273842585528122 0.7788647842031577451 
0.0783715323343607967 0.7691075353715877139 
0.0976592303231910153 0.7464789960026713134 
0.1054719687490462965 0.7356837532518761824 
0.1132847071749015777 0.7340239321940186246 
0.1291543321024201108 0.7082240081242519025 
0.1293984801782281091 0.7053879345347693341 
0.1445356608783227026 0.6939154029452463401 
0.1450239570299386715 0.6808942528956368756 
0.1601611377300332650 0.6535020747170366961 
0.1875972777489547383 0.6373656110408609798 
0.1916562395092623605 0.6139277663414045572 
0.2031311990722373117 0.6109534001251135660 
0.2032227546006653007 0.6049252359961720948 
0.2226630451368755148 0.5774356604825315875 
0.2622150334177678621 0.5339313364249593796 
0.2778405102694784245 0.5183829388999630083 
0.3007904293954283270 0.5102665174106649770 
0.3281350138859218113 0.4633021181544899614 
0.3794061098055970804 0.4395122183216134681 
0.3813592944120609007 0.4388523483910185541 
0.3950315866573076429 0.4284229689857211309 
0.4101687673574022641 0.4053570416530689613 
0.4376049073763237374 0.3824451603109018105 
0.4688253425702688659 0.3793386700704032277 
0.4726706747642445139 0.3786702521828977930 
0.4727622302926725029 0.3578114602639325126 
0.5000762962736899908 0.3426884899853624988 
0.5039826654866176314 0.3350537554507783122 
0.5312662129581591230 0.3248352240764261212 
0.5351725821710867637 0.3153206899743853375 
0.5507980590227973261 0.3102096483506355806 
0.5664235358745078885 0.2982284751072892814 
0.5664845728934598812 0.2968754689996024876 
0.5937681203650013728 0.2757610656799035498 
0.5976744895779290134 0.2686225115388939932 
0.6289559617908261346 0.2546454480298003253 
0.6601763969847712632 0.2362723728726394412 
0.6914273506881923881 0.2110307022639587027 
0.7189855647450178466 0.2095085853375171780 
0.7227088229010895093 0.1816504813475145475 
0.7622302926725058603 0.1619505427670295261 
0.7929929502243110440 0.1546091267719387485 
0.7934812463759269852 0.1495359776704235644 
0.8164311655018768876 0.1472276551047531912 
0.8247322000793481100 0.1404139625302846528 
0.8437757499923703719 0.1204173763916620982 
0.8594012268440809343 0.1155878723330736602 
0.8633075960570085749 0.1120634095258986052 
0.8750572222052674931 0.1018298626846873278 
0.8789635914181951337 0.1014606970580134576 
0.9063692129276406106 0.0857564196819614183 
0.9376201666310617355 0.0745216461335419106 
0.9415265358439893761 0.0692567931195174624 
0.9687795648060548714 0.0662146967521961699 
0.9688711203344828604 0.0430785841740615599 
