0. 1.0631354295690682576 
0.0039063692129276406 1.0529644875796626557 
0.0078127384258552812 1.0051890911158887221 
0.0161137730033265175 0.9525213907948422154 
0.0234382152775658437 0.9171559572898935198 
0.0356456190679647206 0.9138882035706854534 
0.0400402844325083163 0.8731482931354438426 
0.0625019074068422498 0.8301853865993544801 
0.0703146458326975310 0.8182709727740085093 
0.0859401226844080934 0.7690033092563474115 
0.1098666341135898922 0.7315031048362603538 
0.1328775902584917734 0.7197640206384788852 
0.1484420300912503432 0.6906089892318184598 
0.1489303262428663122 0.6896997321203155451 
0.1497238074892422166 0.6884410226630637286 
0.1757866145817438275 0.6416324222878313499 
0.2037415692617572660 0.6199403081143509686 
0.2120426038392284884 0.6112491054494993969 
0.2122257148960844664 0.6096828002369235611 
0.2349925229651783909 0.5986748289933531142 
0.2350230414746543872 0.5845794289683394762 
0.2359691152684103011 0.5841791839886688598 
0.2578203680532242803 0.5626904232655942639 
0.2587969603564562182 0.5552602911755742943 
0.2895596179082613464 0.5236006757099561648 
0.2900479140598773431 0.5097583077198870605 
0.2979827265236366096 0.5011457681374406059 
0.3203222754600665301 0.4912847836935370638 
0.3525498214667195929 0.4765727483880815019 
0.3599963377788628627 0.4596757904650813908 
0.3828241828669087798 0.4464997327118588877 
0.3838007751701407177 0.4416511282549023809 
0.3984496597186193423 0.4336391139418977469 
0.4150517288735618426 0.4000431992431778827 
0.4463026825769829675 0.3940114928520678239 
0.4537491988891262373 0.3772926947511476281 
0.5078279976805932794 0.3641946588409921692 
0.5117343668935209200 0.3635596551492045747 
0.5156407361064485606 0.3497227170200979396 
0.5234534745323038418 0.3279577784711156241 
0.5468916898098696855 0.3231129508852029764 
0.5473799859614856267 0.3083463608256574728 
0.5781426435132908104 0.3002902921093387190 
0.5859553819391460916 0.2949767352015896793 
0.5879085665456099674 0.2907737922309897027 
0.6098818933683278765 0.2684632645011183483 
0.6484572893459883414 0.2402496895786390974 
0.6601763969847712632 0.2369418726196788894 
0.6758018738364818256 0.2293133663171409986 
0.7036347544785912511 0.2185395061438784037 
0.7129123813592944669 0.2031556248281065624 
0.7383037812433240754 0.1826582550489377621 
0.7968993194372386846 0.1619081200477392457 
0.7973876155888546258 0.1542376384775960285 
0.7978759117404705670 0.1467004650129046239 
0.8286385692922757507 0.1384086900579405144 
0.8437757499923703719 0.1187167692495554316 
0.8599200415051728719 0.1117998316572704487 
0.8984649189733573404 0.0983418193558303066 
0.9082308420056764975 0.0879940504362801690 
0.9219031342509231841 0.0829820890450084780 
0.9536423841059602502 0.0642820852775825152 
0.9844050416577654339 0.0404761792784614702 
0.9849238563188573714 0.0403245036701063153 
