0. 1.0842089865434418883 
0.0002136295663319803 1.0685761388971848351 
0.0006714072084719382 1.0647768906340437933 
0.0023804437391277810 1.0602058696038143548 
0.0026245918149357585 1.0504521491885114859 
0.0039063692129276406 1.0403089614859133416 
0.0059816278572954497 1.0256324856295526704 
0.0079958494827112644 1.0026775088071602227 
0.0094607379375591296 0.9879143219423413003 
0.0162968840601825024 0.9563603203228254745 
0.0234992522965178398 0.9368682713199513179 
0.0390636921292764061 0.8638084676513622107 
0.0625019074068422498 0.8099221345121991877 
0.0781579027680288085 0.8035512909586690622 
0.0787377544480727526 0.7891135546503379450 
0.0860011597033600861 0.7703021463002297509 
0.1015655995361186559 0.7535634820420668012 
0.1100802636799218664 0.7381411225350641425 
0.1290322580645161254 0.7353273560645597895 
0.1309854426709799458 0.7084706802834309647 
0.1563158055360576171 0.6699913394046033144 
0.1641895809808648909 0.6559076413657319859 
0.1642200994903408873 0.6540853792915877207 
0.1680959501937925316 0.6514683087961473662 
0.1875057222205267493 0.6323284123622742170 
0.1875362407300027456 0.6279053810830876880 
0.2031922360911893044 0.6075836758610665411 
0.2115543076876125472 0.6037124584627633350 
0.2187566759239478742 0.5847283625768959769 
0.2343821527756584366 0.5751292817976835225 
0.2500381481368449954 0.5527509251232904930 
0.2510147404400769333 0.5516126007136921139 
0.2734458449049348427 0.5356393944293643683 
0.3125095370342112488 0.4925359825601993147 
0.3281350138859218113 0.4783992203366608242 
0.3287453840754417378 0.4774303413152187203 
0.3359477523117770925 0.4774289345657514172 
0.3398541215247047331 0.4765891988457059969 
0.3437604907376323737 0.4649151611293842468 
0.3593859675893429362 0.4546046098267529922 
0.3750724814600054913 0.4365439597965127816 
0.3751029999694814876 0.4362248301318193411 
0.3990600299081392688 0.4296052246961244436 
0.4063234351634266162 0.4091463103816146418 
0.4383983886226996418 0.3948164789577645051 
0.4385814996795556753 0.3854040197718260341 
0.4687643055513168733 0.3617418001826616103 
0.5000762962736899908 0.3452182153526853203 
0.5040437025055696241 0.3440490047677812191 
0.5240638447218237683 0.3312439752931478076 
0.5625171666615802479 0.3061129009851892291 
0.5625476851710562443 0.2960529123758046111 
0.5866878261665700034 0.2897707435287276701 
0.5868099002044739887 0.2787895951904605374 
0.6178167058320871430 0.2599636764980722270 
0.6310007019257179994 0.2586189377043562332 
0.6490676595355082679 0.2479871657965973530 
0.6641132847071749001 0.2420908444651401203 
0.6803186132389293927 0.2383022602563777681 
0.6804406872768333780 0.2217766312720809152 
0.6805627613147373633 0.2204612867335136728 
0.7031464583269753099 0.2114401254561207033 
0.7032074953459273026 0.2048214407753744803 
0.7071138645588549432 0.1977287335016748859 
0.7187719351786858724 0.1925730407530855115 
0.7656483657338175597 0.1624827778355202312 
0.8130741294595171809 0.1542325473350703580 
0.8281502731406598095 0.1286506709263833259 
0.8282723471785637948 0.1234550046638626247 
0.8595233008819849196 0.1064614597049575451 
0.8810083315530869985 0.0994468485410425346 
0.8990752891628772669 0.0994268187990018926 
0.9063692129276406106 0.0848718453956876645 
0.9531540879543443090 0.0603676718245079388 
