0. 1.0736011735945436563 
0.0001220740379039888 1.0673722182338900577 
0.0010986663411358989 1.0409810638078853540 
0.0078127384258552812 0.9911843606985868416 
0.0117191076387829218 0.9734008198573211867 
0.0156254768517105624 0.9320948551758176936 
0.0234382152775658437 0.9258332777118384316 
0.0312509537034211249 0.9239241828786850519 
0.0468764305551316873 0.8575285429082969424 
0.0469374675740836800 0.8499334841256267481 
0.0781273842585528122 0.8363314653575913971 
0.0781579027680288085 0.8048480331701276524 
0.0801110873744926288 0.7753764560176853449 
0.0937528611102633747 0.7687398151857516293 
0.0966826380199591051 0.7534923755877243057 
0.1093783379619739371 0.7506828150058297844 
0.1123081148716696676 0.7481110650955240526 
0.1250038148136844995 0.6999676713996171307 
0.1406292916653950620 0.6782397596880581636 
0.1406598101748710583 0.6753848475027415255 
0.1718802453688161869 0.6431291152319879023 
0.1728568376720480970 0.6390956316125758763 
0.2031311990722373117 0.6205060827594715000 
0.2343821527756584366 0.5788418444021965481 
0.2421948912015137179 0.5709781694564299848 
0.2500076296273689991 0.5635814569742226832 
0.2656331064790795615 0.5449929770554099440 
0.2705160679952391400 0.5350011174101906297 
0.2968840601825006864 0.5142317753195851937 
0.3281350138859218113 0.4894844427183471236 
0.3330179754020813898 0.4851538820750046499 
0.3671987060151982174 0.4519925281197925138 
0.3750114444410534986 0.4280709452084308642 
0.3752555925168614692 0.4280255658323404710 
0.4218878749961851859 0.4072916257359117664 
0.4375133518478957484 0.4023580060348020404 
0.4687643055513168733 0.3652417770024969923 
0.4843897824030274357 0.3623993692237366115 
0.5009918515579698806 0.3468390129169053870 
0.5014801477095858218 0.3379809879671228923 
0.5312662129581591230 0.3309237118616919493 
0.5625171666615802479 0.3017907640456018448 
0.5781426435132908104 0.2969264402341908471 
0.5781731620227668067 0.2829880775008241090 
0.6250190740684224977 0.2562121626043589173 
0.6562700277718436226 0.2296609491539062242 
0.7031464583269753099 0.2152521532609600607 
0.7187719351786858724 0.1924221565809453582 
0.7549058503982665202 0.1778959812257990825 
0.7551499984740744908 0.1761901160752928353 
0.7705313272499770827 0.1633351385073826267 
0.7861568041016876451 0.1518806454335510925 
0.8125247962889492470 0.1383646433514034157 
0.8332773827326273031 0.1242971882579315263 
0.8594012268440809343 0.1120633368790666939 
0.8750267036957914968 0.1042398565227041496 
0.8907742545854060445 0.0931465835437630674 
0.8912625507370219857 0.0922513629738261898 
0.8955351420636615822 0.0922025567308728533 
0.9219336527603991804 0.0758307407565583652 
0.9531846064638203053 0.0593713683012850810 
0.9844050416577654339 0.0433701734060087871 
