0. 1.1283640079432313286 
0.00003051850947599719 1.1112543695050918213 
0.0001220740379039888 1.0951176778098863362 
0.0078127384258552812 1.0172832703683929445 
0.0079653309732352681 1.0067827909333075809 
0.0234382152775658437 0.9498450578261612431 
0.0283211767937253944 0.9003342133096883249 
0.0394604327524643722 0.8978901496260577320 
0.0546891689809869686 0.8813834031037415251 
0.0550859096041749347 0.8689443103266110135 
0.0585955381939146092 0.8476427089933146197 
0.0703146458326975310 0.8314129199397970460 
0.0859401226844080934 0.8128633442982741153 
0.0898464918973357340 0.8015864337851871246 
0.1093783379619739371 0.7939892668973368428 
0.1095004119998779224 0.7585796669167309547 
0.1114535966063417427 0.7382999868611380689 
0.1329386272774437661 0.6981324734771350293 
0.1489303262428663122 0.6874062323786563899 
0.1640675069429609057 0.6820796655983226708 
0.1644642475661488579 0.6570193784736738651 
0.1835993530075991087 0.6531093966991203814 
0.1961729789117099554 0.6198024569335343070 
0.2345042268135624219 0.5978417598711196490 
0.2578203680532242803 0.5594138542499711431 
0.2578508865627002766 0.5577414365176912581 
0.2734458449049348427 0.5437750554486427967 
0.3126926480910672268 0.5364550924230391260 
0.3204443494979705154 0.5129204375002535121 
0.3359477523117770925 0.5107276351927368951 
0.3364360484633930337 0.4793271744117826305 
0.3671987060151982174 0.4581265669024224829 
0.3984496597186193423 0.4557016239521294865 
0.3985106967375713349 0.4547190159576264823 
0.4062623981444746235 0.4314218979680772281 
0.4140751365703299047 0.4170374059122001764 
0.4453260902737510296 0.4146236325440061377 
0.4454481643116550149 0.4016634194796914747 
0.4461806085390789267 0.3947321558753916215 
0.4614398632770775332 0.3800079868787156201 
0.4624164555803094712 0.3777198796476640141 
0.4845118564409314210 0.3695185816000034484 
0.5079805902279732610 0.3481221287554907562 
0.5394756920072023565 0.3325530771267593000 
0.5586107974486526073 0.3187997618443326742 
0.5627002777184362259 0.3175569628681169654 
0.5703299050874355291 0.3063908567852747233 
0.5708182012390514703 0.3060280098565600904 
0.5941343424787133287 0.2973456014488586319 
0.6019775994140446063 0.2812431567260239573 
0.6251411481063264830 0.2771486854356520757 
0.6329538865321817642 0.2582991028995655358 
0.6644795068208868560 0.2323203689298038444 
0.7191381572923978283 0.2006829212187421496 
0.7578661458174382748 0.1851252765658727983 
0.7594225898007140874 0.1839240597969128144 
0.7598193304239021506 0.1831218669212462125 
0.7894833216345713556 0.1829482697576509664 
0.7968993194372386846 0.1741689145330135857 
0.7969298379467146809 0.1515745725952723499 
0.8204596087527085135 0.1432667193666641026 
0.8380382702108829518 0.1334747545918878731 
0.8437757499923703719 0.1239352829943959205 
0.8594012268440809343 0.1161227873848009740 
0.9142124698629718882 0.0884356223174366518 
0.9297463911862544617 0.0880215226504176690 
0.9298379467146824506 0.0794259273034182145 
0.9845271156956694192 0.0606938433136934852 
0.9864803003021332950 0.0559821222249423170 
