0. 1.0950441097698166981 
0.00003051850947599719 1.0930228035894826721 
0.0002441480758079775 1.0885545244954542010 
0.0004882961516159551 1.0795112653402023639 
0.0008545182653279214 1.0666956906853055642 
0.0083010345774712363 1.0149332153297769832 
0.0156254768517105624 0.9760475957254988177 
0.0156865138706625586 0.9759868717698899632 
0.0159916989654225287 0.9669577427643188949 
0.0164799951170384838 0.9657931785167070959 
0.0166020691549424726 0.9620863448645325944 
0.0205084383678701132 0.9587145704617111575 
0.0215765861995300158 0.9531708653587910307 
0.0301522873622852260 0.9228392178759333708 
0.0470900601214636685 0.8948696966385267792 
0.0508743552964873169 0.8551368368817470200 
0.0528275399029511372 0.8524867875592574418 
0.0706808679464095008 0.8005764303796927273 
0.0937528611102633747 0.7841616112748553968 
0.0951567125461592472 0.7782765347035383030 
0.1102328562273018619 0.7519468529909616450 
0.1103549302652058473 0.7508214624179960772 
0.1107821893978698097 0.7454082417666724192 
0.1108127079073458060 0.7423425291491485556 
0.1420941801202429411 0.7179492991076276143 
0.1470992156743064771 0.6935956566344649854 
0.1473738822595904441 0.6766340044083336558 
0.1719107638782921832 0.6618955462906249698 
0.1777397991882076478 0.6562472017385465595 
0.1875057222205267493 0.6509639862480722794 
0.1876277962584307346 0.6345672165649465235 
0.2032532731101412971 0.6276404452489769969 
0.2096621601001007196 0.6168882801757958889 
0.2187566759239478742 0.5949015484760372674 
0.2343821527756584366 0.5944385766349471467 
0.2344126712851344330 0.5938224686435961130 
0.2363353373821222569 0.5806248356209100514 
0.2363658558915982533 0.5799166285533962073 
0.2500076296273689991 0.5740422425775323356 
0.2583086642048402215 0.5722712018791835664 
0.2695699942014831985 0.5553483540082612135 
0.2812585833307901240 0.5372121421842238620 
0.3008209479049043233 0.5188916370022472746 
0.3020416882839442318 0.5096395062963401390 
0.3441267128513443296 0.4810397746185362533 
0.3446150090029602708 0.4798685552138383659 
0.3754997405926694398 0.4713602946131840166 
0.3833124790185247210 0.4486217508171151946 
0.3913693655201879729 0.4340781751925260612 
0.4277474288155766469 0.4045167453204575603 
0.4477675710318307911 0.3982865269856791235 
0.4536576433606982484 0.3894827658147675953 
0.4538712729270302226 0.3892719693624716038 
0.4687643055513168733 0.3782572555272483705 
0.4770653401287880957 0.3658770167083153502 
0.5000152592547379982 0.3621179068299343329 
0.5185094759971923262 0.3402705441491017946 
0.5223548081911679741 0.3370006716751585696 
0.5508896145512253151 0.3207995332210975548 
0.5520187994018371791 0.3169469959513175339 
0.5536057618945890990 0.3167951104397765949 
0.5626392406994842332 0.3086016569489620220 
0.5939207129123813544 0.2934769629750458297 
0.6017334513382366357 0.2798893175109957165 
0.6317331461531419112 0.2576345285669471852 
0.6472365489669484884 0.2504776688037054777 
0.6473586230048524737 0.2446590364528436201 
0.6777550584429457015 0.2316607985033397321 
0.7187719351786858724 0.2087046207540599052 
0.7199011200292977364 0.2083343710593472398 
0.7345500045777764164 0.2024019555182199059 
0.7583239234595782197 0.2019956743070337735 
0.7676015503402814355 0.1893048555595948645 
0.7704092532120730974 0.1725179019693046101 
0.7715079195532090761 0.1673691037518987290 
0.8039796136356700540 0.1616415412945650665 
0.8438978240302743572 0.1362024369232861798 
0.8515884884182256531 0.1331922049836641031 
0.8517105624561296384 0.1253662247146901665 
0.8808862575151830132 0.1196161160975239279 
0.8833277382732627192 0.1169491567994846576 
0.8965117343668935756 0.1046724153921904238 
0.8973662526322214727 0.0933612180634792455 
0.9277626880703147005 0.0853628849109123039 
0.9380169072542496877 0.0827261111006889066 
0.9691457869197668273 0.0806745203041891457 
0.9769585253456221086 0.0530871815198917171 
