0. 1.0661472907456304160 
0.0009765923032319101 1.0334040718027479588 
0.0078127384258552812 1.0116486201556411650 
0.0117191076387829218 0.9779087357387015178 
0.0195318460646382031 0.9295084232816858138 
0.0314951017792291024 0.9287671741795171521 
0.0351573229163487655 0.8816552075825596635 
0.0468764305551316873 0.8501983008208011672 
0.0625019074068422498 0.8460613807499193228 
0.0627460554826502343 0.8303009735073542119 
0.0664082766197698904 0.8011569514075406184 
0.0821558275093844381 0.7923901863405784507 
0.0839869380779442731 0.7801576681832390614 
0.0840174565874202694 0.7778207593507940887 
0.0917996765037995543 0.7664592932668451430 
0.0976592303231910153 0.7540799658703135622 
0.1250038148136844995 0.7055813205329688476 
0.1562547685171056244 0.6763336524083666257 
0.1723685415204321558 0.6659665602489108771 
0.1724906155583361411 0.6634726322503706752 
0.1875057222205267493 0.6463471918130410110 
0.1885128330332346558 0.6400980876816186882 
0.1916562395092623605 0.6277722510787008270 
0.2110354930265205820 0.6109821823668000196 
0.2248603778191473057 0.6077848132239455081 
0.2382885219885860773 0.5967296872101593985 
0.2500076296273689991 0.5448739279819991843 
0.2812585833307901240 0.5362793856245064994 
0.2895596179082613464 0.5158462871057837296 
0.2896206549272133390 0.5145817464500579419 
0.3051850947599719088 0.5120881511055415114 
0.3125095370342112488 0.5022533156242270369 
0.3164159062471388895 0.4945010950485934087 
0.3281350138859218113 0.4831355852469662593 
0.3359477523117770925 0.4718938874619599266 
0.3520615253151035962 0.4505747561407462687 
0.3750114444410534986 0.4388165747311519316 
0.4062623981444746235 0.4137316877145129079 
0.4106570635090182053 0.4097230101304514815 
0.4223761711478011271 0.4023501655135943156 
0.4301889095736564084 0.4013412547825930265 
0.4414197210608233890 0.3894986835504486433 
0.4414502395702993853 0.3726324974742451501 
0.4726706747642445139 0.3670359106357470314 
0.4734031189916684257 0.3666404535721066726 
0.4882961516159550763 0.3610084632566355478 
0.4884182256538590616 0.3562068524330370134 
0.5195471053193762012 0.3424610739921025160 
0.5315103610339670936 0.3292500528046607422 
0.5398113956114383161 0.3273644981712622304 
0.5473799859614856267 0.3137323479737565979 
0.5664235358745078885 0.2910906205946435787 
0.5840021973326823268 0.2848700099465383828 
0.5849787896359142092 0.2843443448521192907 
0.5918149357585376080 0.2804797253793600564 
0.5979186376537369840 0.2722023153434448006 
0.6250190740684224977 0.2677334314520298242 
0.6250495925778984940 0.2501678763443703213 
0.6406750694296090565 0.2476089001248847898 
0.6567583239234595638 0.2420374663019650152 
0.6723838007751701262 0.2217625828900873508 
0.6759239478743858109 0.2180036884833309874 
0.7070528275399029505 0.2012447185397009675 
0.7090060121463668263 0.1856634028206916309 
0.7383037812433240754 0.1851817257454910770 
0.7384258552812280607 0.1773720225306784915 
0.7500228888821069972 0.1752545250338190253 
0.7815179906613360927 0.1712592862307825703 
0.7898190252388073151 0.1554603637577789688 
0.8052613910336618996 0.1553168143523089573 
0.8164311655018768876 0.1420654743888728755 
0.8174077578051087700 0.1418730743333244115 
0.8183843501083407634 0.1417075318378407389 
0.8359630115665150907 0.1346634393090135051 
0.8479262672811059831 0.1110692985459199866 
0.8635517441328165455 0.1100827084789456484 
0.8750572222052674931 0.1050908590273096910 
0.8769798883022553726 0.0964062316172420303 
0.9223914304025391253 0.0692613263036879756 
0.9394817957090976224 0.0687517156134975910 
0.9414349803155613872 0.0669387177163151270 
0.9551072725608081848 0.0648782189177781188 
0.9570604571672719496 0.0561195941134035661 
