0. 1.0574526726321582526 
0.0001220740379039888 1.0573296786747705678 
0.0019531846064638203 1.0342048115466810909 
0.0039063692129276406 1.0269666123815184289 
0.0078127384258552812 0.9971068391172119849 
0.0156254768517105624 0.9474451488452896308 
0.0158696249275185400 0.9409735639111797001 
0.0234382152775658437 0.9259122559007374464 
0.0236823633533738212 0.9085368621277984946 
0.0241706595049897763 0.9074052728053564332 
0.0312509537034211249 0.8856933942737125198 
0.0473647267067476424 0.8592673356167450649 
0.0549333170567949461 0.8369257613273805019 
0.0625019074068422498 0.8083486451442702947 
0.0634784997100741599 0.8013839919802986378 
0.0703146458326975310 0.7970135060270058247 
0.0811181981872005353 0.7731272588383684141 
0.0917996765037995543 0.7613708774475513863 
0.0937528611102633747 0.7531302150899528147 
0.0967436750389110978 0.7447310123742595378 
0.1250038148136844995 0.7104992092064053022 
0.1251258888515884848 0.6890604512909385138 
0.1562547685171056244 0.6591563317686524037 
0.1875057222205267493 0.6157281357751953621 
0.1894589068269905696 0.6145307816447126425 
0.2128971221045564133 0.5843273513420645937 
0.2442091128269295308 0.5642250566067142925 
0.2500076296273689991 0.5423719046201200822 
0.2812585833307901240 0.5142017487133492271 
0.2890713217566454052 0.5137012067201703891 
0.2968840601825006864 0.5026031331307576622 
0.3125095370342112488 0.4904970556606197407 
0.3301492355113376242 0.4684686480144819587 
0.3379619739371929055 0.4648759700413630513 
0.3595080416272469215 0.4434769961987219955 
0.3692129276406140304 0.4403081225629877360 
0.4062623981444746235 0.4104930003412236572 
0.4218878749961851859 0.4029483203859740015 
0.4375133518478957484 0.3751302975244029114 
0.4922025208288827169 0.3510648900140373452 
0.4926908169804986581 0.3500258759446794876 
0.5156407361064485606 0.3397765188400944103 
0.5158848841822565312 0.3264182477204893296 
0.5236976226081118124 0.3149798787895842778 
0.5312662129581591230 0.3075294854240151476 
0.5625171666615802479 0.2888521585967503968 
0.5937681203650013728 0.2739051202459980017 
0.5957213049714652486 0.2722853813348608543 
0.5967589342936491237 0.2705632496228107531 
0.6113467818231758111 0.2502922173601553890 
0.6562700277718436226 0.2339304907282077350 
0.6601763969847712632 0.2319029231526718304 
0.6718955046235541850 0.2163946475573764738 
0.6875209814752647475 0.2122966521581577670 
0.7050996429334391857 0.2046280531226984112 
0.7207251197851497482 0.1840001139036867017 
0.7325052644428846627 0.1814418232628442484 
0.7502670369579149678 0.1671167420892088196 
0.7812738425855281221 0.1503456627838441473 
0.8125247962889492470 0.1408369988843148901 
0.8437757499923703719 0.1162141629593102382 
0.8750267036957914968 0.0970829369874585679 
0.9062776573992126217 0.0814806848656268318 
0.9375286111026337465 0.0657820657034182132 
0.9377727591784417171 0.0613155633600924177 
0.9551072725608081848 0.0519528887456150584 
