0. 1.0643477510489423032 
0.0039063692129276406 1.0359255518632253246 
0.0064699240089114048 1.0324975554206401451 
0.0080568865016632588 0.9652043864886113988 
0.0156254768517105624 0.9506407333592631348 
0.0234382152775658437 0.9244731364107897642 
0.0312509537034211249 0.8994001085976811582 
0.0468764305551316873 0.8702367998613873556 
0.0625019074068422498 0.8226582097679162597 
0.0703146458326975310 0.8196276008180582995 
0.0712912381359294411 0.8051000528237882703 
0.0937528611102633747 0.7477735210678483346 
0.1104464857936338362 0.7426863154660852118 
0.1251869258705404775 0.7172890273399525896 
0.1269569994201483198 0.6996677121987997516 
0.1562852870265816207 0.6490972754322095195 
0.1875362407300027456 0.6355553084739888892 
0.1875667592394787420 0.6220849876343660378 
0.1934263130588702029 0.6189157270007202838 
0.2187566759239478742 0.6096244812737730001 
0.2187871944334238705 0.6095829020882588267 
0.2197332682271797843 0.5744746518657408707 
0.2500076296273689991 0.5411679404578026986 
0.2735374004333628317 0.5313904397630700993 
0.2812891018402661203 0.5167395619740643431 
0.2979522080141606133 0.4981038552414472909 
0.3321939756462294335 0.4735681514176403595 
0.3604541154210028631 0.4419535280821981771 
0.3925901058992278814 0.4277273041189478264 
0.4375133518478957484 0.4114382528205774991 
0.4396496475112155466 0.3984460215865288646 
0.4453260902737510296 0.3753909927369739052 
0.4609515671254615921 0.3720110142042554191 
0.4697408978545488112 0.3659424325576772219 
0.4922940763573107059 0.3521329631843324037 
0.5000152592547379982 0.3395259543551692460 
0.5020294808801538666 0.3341561692364006797 
0.5625171666615802479 0.2974641336774300759 
0.5865352336191900218 0.2823317720170613332 
0.5937986388744773691 0.2732068758191468771 
0.6252021851252784756 0.2677713707761550377 
0.6270332956938383662 0.2493813587102577389 
0.6563005462813196189 0.2386345299778197815 
0.6718955046235541850 0.2290021323210927606 
0.6719260231330301814 0.2184691767372053395 
0.6875209814752647475 0.2184242599988291678 
0.7188024536881618687 0.1940080079705819860 
0.7344279305398724311 0.1935124546560013370 
0.7509994811853388796 0.1881216172198443282 
0.7511215552232428649 0.1858740359970939560 
0.7558824427014985137 0.1794296505870597302 
0.7812738425855281221 0.1724062260110912626 
0.7822504348887600045 0.1630006591004394823 
0.7824945829645679751 0.1572393776692171119 
0.7968993194372386846 0.1493578092714896444 
0.8048036133915219548 0.1343408256430042580 
0.8287301248207037396 0.1324901424381430270 
0.8365428632465590208 0.1216699924757214946 
0.8677938169499801457 0.1086811396533645252 
0.8697470015564440215 0.1075952258860652794 
0.8828394421216467780 0.1040493961539569606 
0.9072542497024445041 0.0814515231600576872 
0.9298074282052064543 0.0758839048176107728 
0.9453413495284890278 0.0672101132624947223 
0.9609668263801995902 0.0587709304797894710 
0.9687795648060548714 0.0573820409878919441 
0.9688100833155308678 0.0573659260346155303 
0.9697866756187627502 0.0527843890577444075 
0.9844050416577654339 0.0509973882539096410 
