0. 1.1107285189156879124 
0.00003051850947599719 1.1084015284860311290 
0.00006103701895199438 1.0956063589398949976 
0.0009765923032319101 1.0911556703061451312 
0.0039063692129276406 1.0154549425338339486 
0.0097659230323191015 1.0049984653286363478 
0.0156254768517105624 0.9393107776329576719 
0.0234687337870418400 0.9213160913966434995 
0.0468764305551316873 0.8552290102027572116 
0.0469069490646076837 0.8428918007687952185 
0.0625019074068422498 0.8278176008210073045 
0.0627460554826502343 0.8062886239524497123 
0.0781273842585528122 0.7933047277989018209 
0.0781579027680288085 0.7760323028114585186 
0.0801110873744926288 0.7719274644187845702 
0.1093783379619739371 0.7242465994775931781 
0.1171910763878292183 0.7123348470585806336 
0.1289101840266121402 0.7074647744110232894 
0.1367229224524674214 0.7028173642246768882 
0.1406292916653950620 0.6923740524870447555 
0.1409039582506790289 0.6909142541543488170 
0.1416058839686269721 0.6780212047437117473 
0.1562547685171056244 0.6622284499607767882 
0.1875362407300027456 0.6421098312453039636 
0.2031311990722373117 0.6198895744619294934 
0.2031617175817133081 0.5970652375525244970 
0.2500076296273689991 0.5502693558390611139 
0.2754600665303506557 0.5220839190082490200 
0.3047273171178319640 0.5148337316527757945 
0.3067110202337717806 0.5135512694985409077 
0.3125095370342112488 0.4914161785845091446 
0.3281350138859218113 0.4771731894128550255 
0.3437910092471083701 0.4734726188189210538 
0.3438825647755363590 0.4587834117065441308 
0.3594164860988189325 0.4486761601655199771 
0.4062623981444746235 0.4066094300706907805 
0.4375133518478957484 0.3872444082728482284 
0.4375438703573717447 0.3845337075429517970 
0.4531693472090823072 0.3771955243184747508 
0.4687643055513168733 0.3682632437592276986 
0.4687948240607928696 0.3612372043343479167 
0.4844203009125034320 0.3471229720479341308 
0.5000152592547379982 0.3414536334159498088 
0.5156407361064485606 0.3353379186254021871 
0.5234839930417798381 0.3315686104294564007 
0.5254066591387677176 0.3201559314790643485 
0.5469222083193456818 0.3084661821678121862 
0.5478682821131015679 0.3036038562685178799 
0.5781426435132908104 0.3034594292302107421 
0.5781731620227668067 0.2793077917526217702 
0.6093935972167119353 0.2767923863269256546 
0.6094241157261879316 0.2746007935971259140 
0.6269722586748863735 0.2524319761271143214 
0.6347849971007416547 0.2440486948574310810 
0.6504104739524522172 0.2370549341148120437 
0.6894741660817286233 0.2276373193987548393 
0.7031464583269753099 0.2271092240078932123 
0.7031769768364513062 0.2117324184327997738 
0.7227393414105655056 0.1927133672951963639 
0.7227698599200415019 0.1925327939010982592 
0.7344279305398724311 0.1880201493131535284 
0.7656483657338175597 0.1811510452791479098 
0.7735221411786248336 0.1786924591931969564 
0.7754753257850887094 0.1548744970699484080 
0.7969298379467146809 0.1485743784579659776 
0.8144779808954131228 0.1374095168125288591 
0.8281807916501358058 0.1223441292471577346 
0.8457289345988342477 0.1169459185580419419 
0.8847926267281106538 0.0965833013206154473 
0.9062776573992126217 0.0845791304134502903 
0.9375591296121097429 0.0767379691421947036 
0.9394817957090976224 0.0668231464715975942 
0.9531846064638203053 0.0572437089654491762 
0.9688100833155308678 0.0508151169765151886 
