0. 1.0697368988774451637 
0.0039063692129276406 1.0547660385645891701 
0.0081789605395672475 1.0322880637050841912 
0.0104983672597430341 0.9799520381344548614 
0.0156254768517105624 0.9691083823098929351 
0.0246894741660817277 0.9425869035097176329 
0.0273445844904934843 0.8987235959338819580 
0.0391857661671803983 0.8947494765905298353 
0.0549333170567949461 0.8745353009245138143 
0.0554216132084109012 0.8572941336387555067 
0.0588396862697225867 0.8335914792813770013 
0.0869167149876400036 0.7764661148178423344 
0.0938749351481673600 0.7568057444235780640 
0.1171910763878292183 0.7359338747511531276 
0.1181676686910611285 0.7284317116909060363 
0.1250038148136844995 0.7053142947497077486 
0.1496627704702902240 0.6568642195153233665 
0.1721243934446241575 0.6417488540608236036 
0.1796929837946714681 0.6344590491202241056 
0.1799371318704794387 0.6341532167618006976 
0.2109439374980925930 0.6196114282221816261 
0.2119205298013245031 0.5981304238688045505 
0.2120426038392284884 0.5909086661982103639 
0.2356944486831263064 0.5685092485671444651 
0.2432020020142216243 0.5652042509145315252 
0.2507400738547929109 0.5534829224359760769 
0.3046967986083559676 0.5289555166324241275 
0.3049409466841639382 0.5012032264216909061 
0.3438825647755363590 0.4675103608527925725 
0.3750114444410534986 0.4421407213003067382 
0.3757438886684774104 0.4363637804358360683 
0.4082155827509384438 0.4161971622051617858 
0.4087038789025543850 0.4081813622218616322 
0.4299447614978484378 0.3900566924800509261 
0.4694967497787407851 0.3818282656605399006 
0.4712057863093966348 0.3657534238859029840 
0.4853968932157353699 0.3452886564092072508 
0.4858851893673513111 0.3392266439679934020 
0.5273598437452314824 0.3169448886899860485 
0.5549485763115329373 0.2968519814910522414 
0.5808587908566545943 0.2867029829493201176 
0.5938901944029053581 0.2756075545053211506 
0.5977965636158329987 0.2717676347300051476 
0.6250801110873744903 0.2540684643956727107 
0.6496780297250281944 0.2439679814586736550 
0.6804406872768333780 0.2394911731122122689 
0.6809289834284493192 0.2391566964864284550 
0.6877651295510727181 0.2110211445353477322 
0.7121799371318704441 0.2033478620699140094 
0.7357097079378642768 0.1916741033810709649 
0.7434308908352915690 0.1862205369080667805 
0.7507553331095309090 0.1724555169407160637 
0.7658925138096255303 0.1694258133190882642 
0.7663808099612414715 0.1606656334130221187 
0.7971434675130466552 0.1478521802990472034 
0.8288827173680837212 0.1319990684933581015 
0.8308664204840235934 0.1293457359541487772 
0.8607135227515487763 0.1257132729120667147 
0.8750267036957914968 0.1037827235005394505 
0.8996856593523971934 0.1012419444947514346 
0.9229102450636310628 0.0778475229062755569 
0.9416791283913693578 0.0765039181825332287 
0.9418012024292733431 0.0642606476361491930 
0.9697866756187627502 0.0503174329888254196 
0.9854121524704733126 0.0430868337500183302 
