0. 1.0767266899098442145 
0.0002441480758079775 1.0677323470538362393 
0.0021973326822717978 1.0251050851826999377 
0.0058595538193914609 1.0237200336192857630 
0.0156254768517105624 0.9592410300340243889 
0.0175786614581743827 0.9571091629489862917 
0.0214850306711020234 0.9366739618023348646 
0.0312509537034211249 0.9044882233020241635 
0.0332041383098849452 0.8939186195527953904 
0.0351573229163487655 0.8900914000382683655 
0.0361339152195806757 0.8818287228561138002 
0.0390636921292764061 0.8749042710547531021 
0.0410168767357402264 0.8640703561816092115 
0.0546891689809869686 0.8530097617573697555 
0.0625019074068422498 0.8120370565984739164 
0.0781273842585528122 0.7953877395233098779 
0.0783715323343607967 0.7950967931814567624 
0.0937528611102633747 0.7671802524986863769 
0.0937833796197393710 0.7655205499057380347 
0.0976592303231910153 0.7575243638915167832 
0.1093783379619739371 0.7388137792386999525 
0.1250038148136844995 0.7205163754203482984 
0.1328470717490157771 0.7032298700310873896 
0.1330912198248237477 0.7016944285908237600 
0.1338236640522476872 0.6900128961713324349 
0.1562547685171056244 0.6781149892901651155 
0.1563768425550096097 0.6622065724770050954 
0.1650746177556688121 0.6613447510156711395 
0.1875057222205267493 0.6233487410920025562 
0.2031311990722373117 0.6196964639536636232 
0.2187566759239478742 0.5966343261351382265 
0.2188787499618518595 0.5861398283402265985 
0.2519608142338328194 0.5629464059847404389 
0.2675862910855433818 0.5539530518615789489 
0.2812585833307901240 0.5498787068519239707 
0.2832117679372539443 0.5218219884416012144 
0.3125095370342112488 0.4869675599882922201 
0.3437604907376323737 0.4726016410563336767 
0.3438215277565843664 0.4711327997670807788 
0.3438825647755363590 0.4599901661732309077 
0.3750114444410534986 0.4401845784994188326 
0.3965269936216315183 0.4179455584704208637 
0.4277779473250526432 0.4107051172281669382 
0.4375133518478957484 0.3839522016881973254 
0.4531388286996063108 0.3768991964010184881 
0.4687643055513168733 0.3657303326302500102 
0.4688253425702688659 0.3604350033955247001 
0.5078279976805932794 0.3303724102983439659 
0.5156407361064485606 0.3301822095334009943 
0.5410321359904782801 0.3088079963661428673 
0.5625171666615802479 0.2926443628178563294 
0.5781426435132908104 0.2857174527681707876 
0.5782647175511947957 0.2833330923197043827 
0.5937681203650013728 0.2759157960569131873 
0.6035340433973205299 0.2742941717760546960 
0.6093935972167119353 0.2625280523266546595 
0.6250190740684224977 0.2557021613727508136 
0.6562700277718436226 0.2349112763600707254 
0.6875209814752647475 0.2115817072845478652 
0.7032074953459273026 0.2072872692255594007 
0.7343974120303964348 0.2004000623504852419 
0.7344584490493484274 0.1917932060260922056 
0.7500228888821069972 0.1865308498244169777 
0.7812738425855281221 0.1583350142121107418 
0.8203375347148045282 0.1530073887707426028 
0.8281502731406598095 0.1352909506984671939 
0.8750267036957914968 0.1320721030423510911 
0.8751487777336954821 0.1179526393419813024 
0.8828394421216467780 0.0998504688685996483 
0.9062776573992126217 0.0912440249541963538 
0.9065218054750205923 0.0889455396313811319 
0.9140903958250679029 0.0830576465037004968 
0.9375286111026337465 0.0808829848416750125 
0.9453413495284890278 0.0709438430208501752 
0.9531540879543443090 0.0606728724600010469 
0.9687795648060548714 0.0499335224249784632 
