0. 1.0823431480158234308 
0.0001831110568559831 1.0664114877187773622 
0.0019531846064638203 1.0645868964401110635 
0.0078737754448072756 0.9859748531562065876 
0.0127872554704428244 0.9566029999229852532 
0.0274361400189214767 0.9076052908505567451 
0.0352488784447767545 0.8976637611438142983 
0.0430616168706320357 0.8489676083975149501 
0.0586870937223425981 0.8301365113438329280 
0.0703756828516495236 0.7998509659683635808 
0.0743125705740531606 0.7931100009793117245 
0.0860011597033600861 0.7657901593774555371 
0.0899380474257637230 0.7640386479440387513 
0.1055635242774742855 0.7301014896466160309 
0.1210974456007568589 0.7157667384739651029 
0.1211890011291848479 0.7151257780415105625 
0.1562547685171056244 0.6840609192046350762 
0.1563158055360576171 0.6822434648760485887 
0.1680654316843165352 0.6487560958953039192 
0.1875667592394787420 0.6464010368064638801 
0.2036805322428052734 0.6068446250849500734 
0.2305673390911587850 0.5697138111819870510 
0.2308114871669667556 0.5692843417337570822 
0.2500686666463209917 0.5476012591124614914 
0.2817468794824060652 0.5027813126559806944 
0.3360393078402050815 0.4693918029431013439 
0.3711966307565538470 0.4536034162340413789 
0.3751335184789574839 0.4527637965737894565 
0.3751945554979094766 0.4411242370573215110 
0.4024475844599749719 0.4401944838196607534 
0.4067506942960905647 0.4257906328892908654 
0.4068117313150425574 0.4216429051073790624 
0.4376964629047517263 0.4022197021507074033 
0.4380016479995116896 0.3913573127506377314 
0.4536271248512222520 0.3755194963107288952 
0.5000152592547379982 0.3432015719545790100 
0.5312662129581591230 0.3360555173765168990 
0.5547959837641529557 0.3243124352168662017 
0.5703909421063875218 0.3098946156068259628 
0.5937681203650013728 0.2967911134087254377 
0.5938596758934293618 0.2830126062817030497 
0.6259956663716543801 0.2685133638035585579 
0.6338694418164616540 0.2684788964030975222 
0.6485488448744163303 0.2475497930037623418 
0.6582232123783074984 0.2447962798356926872 
0.6875820184942167401 0.2140868184390317952 
0.7032074953459273026 0.2030234793897152945 
0.7500228888821069972 0.2018660342473952429 
0.7501449629200109825 0.1852821109667846522 
0.7658925138096255303 0.1698861810888206980 
0.7659535508285775229 0.1691704324423004002 
0.8004394665364543693 0.1570527074461284256 
0.8204290902432325172 0.1569213763988109855 
0.8282418286690877984 0.1400568537804452729 
0.8360545670949430796 0.1252211768158336958 
0.8751487777336954821 0.1093716596457694201 
0.8906826990569780555 0.1069691244306844730 
0.8984954374828333368 0.0982062675001838942 
0.9256874294259468394 0.0975927279257703395 
0.9377117221594897245 0.0816184042343925803 
0.9455244605853450057 0.0774923271927191737 
