0.0001220740379039888 2.7141155602656912293 
0.0001525925473799860 2.4605072794778446443 
0.0006103701895199438 2.2986692979731686570 
0.0006408886989959410 2.2546722856063317053 
0.0018921475875118259 2.2509907021774391289 
0.0157475508896145512 2.1334376943655168901 
0.0157780693990905475 2.1004202599333301471 
0.0162663655507065026 1.9954651909350344940 
0.0509353923154393165 1.8050115573390668189 
0.0816980498672444794 1.7623983593511960422 
0.0978423413800469932 1.7482568139855423350 
0.0991546372875148768 1.7461794520481381809 
0.1134067812128055630 1.7128746901588469687 
0.1718802453688161869 1.6402296077243376793 
0.2345347453230384183 1.6046943828167914425 
0.2521134067812128010 1.4799980512496222484 
0.2540665913876766213 1.4705582678293740440 
0.2750328073976867072 1.3610199148787218704 
0.3305764946440015728 1.3418553071153316303 
0.3595385601367229178 1.3340720661143630199 
0.4574114200262459073 1.3333905074455589812 
0.5018158513138217813 1.3231972668104823310 
0.5026093325601977968 1.2536705072882416978 
0.5192114017151402416 1.1239844848793678622 
0.5802179021576586715 0.9885007643676364530 
0.6567583239234595638 0.9875227022351691364 
0.7501754814294869789 0.9127849128170771875 
0.8444166386913662947 0.8414918168806098109 
