0. 2.3149141851084404919 
0.00006103701895199438 2.1414355163707829988 
0.0001220740379039888 2.0505152620821074372 
0.0056764427625354778 2.0411421513364129687 
0.0313425092318491139 1.9483290765745635564 
0.0318613238929410722 1.8621357507464364467 
0.0368663594470046083 1.7404653064958186537 
0.0377513962218085294 1.7400823380574468313 
0.1250038148136844995 1.6916590309350274524 
0.1564378795739616024 1.5996325791447316700 
0.2506179998168889256 1.5600309006203323392 
0.2551957762382885409 1.5227514778714388299 
0.2556840723899044820 1.5101615875558116464 
0.2818384350108340541 1.4108130563815473035 
0.5000152592547379982 1.3460038395017852597 
0.5001068147831659871 1.2337286694048879010 
0.5037079989013336645 1.2121327833659081286 
0.5038605914487136461 1.0376541347726817577 
0.5065157017731254374 0.9452730986888411291 
0.6315195165868099369 0.8698902261618222109 
0.9013946958830530987 0.8041746545413601677 
0.9441511276589251711 0.7721821152302423830 
