0. 2.2959337769391616746 
0.0039063692129276406 2.2310543786256840093 
0.0078127384258552812 2.2211934639562067595 
0.0312509537034211249 2.1471288031753901215 
0.0625019074068422498 2.0253871871555260142 
0.0625324259163182461 2.0048128566811049822 
0.0644856105227820664 1.9918567253764543068 
0.1036103396710104652 1.8962230608459447190 
0.1250038148136844995 1.8233046795065304124 
0.1311380352183599274 1.7601513266345167885 
0.1316263313699758963 1.6866335220329353728 
0.2390820032349620095 1.6717155506364662632 
0.2500076296273689991 1.6021750889395545148 
0.2822351756340220619 1.5930126215828079861 
0.3759880367442854365 1.5677104647957300632 
0.3762932218390453998 1.5650642912983208088 
0.3791619617297891098 1.4902999840110866536 
0.4258247627185888229 1.3481466992759358892 
0.5000152592547379982 1.2148027881212117851 
0.7511215552232428649 1.1799503049362365381 
0.7764824365977965881 1.1640379958284099437 
0.7895748771629993445 1.1113633021067474971 
0.8819849238563188809 1.1003541249222095200 
0.9258400219733268210 1.0530091826007945688 
0.9259620960112308063 1.0521621573712358622 
0.9562364574114200488 0.9583761364580538622 
