0. 1.9188544403905103408 
0.0039063692129276406 1.7367113809104004485 
0.0317392498550370800 1.6629595534623042852 
0.0670186468092898308 1.6573386795254527737 
0.0670491653187658271 1.6089863753517690270 
0.1252479628894924701 1.5285266837375710569 
0.1316568498794518927 1.4222567661274085893 
0.2539139988402966397 1.4105985880848024294 
0.2548905911435285776 1.3053766625885072639 
0.3987243263039033092 1.2490478715715827018 
0.4962309640797143428 1.1425558706236873530 
0.5000152592547379982 1.0764363828224179365 
0.7500228888821069972 1.0504975703573555812 
0.7500534073915829936 0.9055521819006676631 
0.7627185888241218015 0.8983445871307413899 
0.9028595843379009223 0.8587369353267957361 
