0. 2.7136353543251563458 
0.00003051850947599719 2.6996938677206174795 
0.0000915555284279916 2.4713601921423173913 
0.0010681478316599017 2.3016841429184036194 
0.0015564439832758568 2.1869509779081250933 
0.0093691824091311389 2.1765563445952325061 
0.0197759941404461806 2.0452594938582828732 
0.0363170262764366605 1.8998896903810602588 
0.0368053224280526156 1.8902463815043017981 
0.0370494705038605931 1.8900270214435599403 
0.1289407025360881365 1.7165434391663525471 
0.1291848506118961071 1.6317852130430086088 
0.2250129703665272873 1.5802663833841701368 
0.2348704489272744056 1.5325310535177103510 
0.2702719199194311139 1.4781794206193028529 
0.2894680623798333574 1.4478857651920724603 
0.4424878688924833159 1.3610217402051647539 
0.4703817865535447340 1.3553794969635410972 
0.4848170415356913843 1.3341305505299294598 
0.5003814813684499541 1.2964535312160880842 
0.5004425183874019467 1.0949628503060995222 
0.8218939786980803408 1.0569309322812232565 
0.8478957487716299868 1.0046854242927103495 
0.9603259376812036674 0.8862047924552829414 
