0. 2.6912263494706087918 
0.00006103701895199438 2.6700949323828240267 
0.0000915555284279916 2.5315196182344781306 
0.0001220740379039888 2.3630310680719430749 
0.0020142216254158147 2.2052098448115331486 
0.0042725913266396069 2.1566294344884462397 
0.0162663655507065026 2.1377623396794613875 
0.0176396984771263789 2.0922616807470824085 
0.0480971709341715750 2.0806002033651638250 
0.0545670949430829832 2.0758572887112514138 
0.0820947904904324455 2.0300575623492651545 
0.1094393749809259297 2.0217206916004268891 
0.1250953703421124885 2.0079276981754863307 
0.1251564073610644812 1.9732197421893833411 
0.1252479628894924701 1.9404975107372981480 
0.1256752220221564464 1.9070562795114560650 
0.1261635181737723876 1.8844047302739870275 
0.1265297402874843713 1.7864060693223799969 
0.1292764061403240961 1.6539268425198547785 
0.1836909085360270977 1.5996838394384584880 
0.2588885158848842072 1.4202507467838092481 
0.3750419629505294950 1.3983835655780469942 
0.3829157383953367688 1.3575505153625662125 
0.5002288888210699724 1.3029989757042779175 
0.5013275551622058401 1.2760476045078554819 
0.5047761467329935359 1.2335731837980901115 
0.5323343607898189944 1.2204559535991450492 
0.5360271004364146608 1.1957274297162197030 
0.5948362681966612442 1.1672509003393118920 
0.6328928495132297716 1.1623340976550287085 
0.6579485457930234205 1.1405725676269884428 
0.6657612842188787017 1.1099472253456490467 
0.6758934293649098146 1.0681119165723906850 
0.7823419904171879935 0.9817799393894427462 
0.8912320322275459894 0.8969170944970763504 
0.9614551225318155314 0.7458166459341888377 
