0. 2.6040718005815350899 
0.00003051850947599719 2.4868609078550392155 
0.00006103701895199438 2.4109430297885783290 
0.0000915555284279916 2.2047830058664454889 
0.0009765923032319101 2.1873767866099287360 
0.0017700735496078371 2.0057697068909767779 
0.0156559953611865588 1.7445707754386710064 
0.1257362590411084391 1.6585963552075946303 
0.1304361095004120119 1.5744431390986786123 
0.2669454023865474590 1.5403592110204009646 
0.3031708731345560959 1.5168098563514604837 
0.3165379802850428748 1.4999913716072843517 
0.3607593005157628263 1.4670185925686851647 
0.4414197210608233890 1.4526666462205946040 
0.4434949797051911946 1.0936957068430224194 
0.5001678518021179798 1.0616968112099878230 
0.6059755241554002358 1.0558438791093298636 
0.6310312204351939957 1.0294942603348298249 
0.7545091097750785680 0.9200246203914062004 
