0. 2.2995517988556608557 
0.0000915555284279916 2.2107590725082211236 
0.0010071108127079073 2.0944740017800520526 
0.0012817773979918821 2.0888040253500590460 
0.0018616290780358287 1.9891686100667256287 
0.0020142216254158147 1.8941180857208528288 
0.0245368816187017426 1.7333130339794684538 
0.1293984801782281091 1.6726329503861441239 
0.1607104709006012266 1.6715553235057907244 
0.2502517777031769697 1.4886622294155025248 
0.2822962126529740545 1.3920316963159449219 
0.4396496475112155466 1.3458045588591416308 
0.5000152592547379982 1.3080065419904278734 
0.5000762962736899908 1.1587668700777762343 
0.5005645924253059320 0.9998719626398050453 
0.5661183507797479253 0.9538922276816879098 
