0. 2.3814024412702856637 
0.0000915555284279916 2.0357460947047485433 
0.0003967406231879635 2.0207788396326789027 
0.0126956999420148320 1.9652073296797580859 
0.0323496200445570273 1.9206892547812544070 
0.0546891689809869686 1.8297919305538727919 
0.0549333170567949461 1.7177370281069661573 
0.0559099093600268562 1.6501192847362422533 
0.1270790734580523052 1.6228867822974968327 
0.1573534348582415199 1.5738116239948181096 
0.2500076296273689991 1.4507706769670607461 
0.3060090945158238651 1.2719973685000518504 
0.5000152592547379982 1.0658862864054077235 
0.5001068147831659871 1.0076848094244861276 
0.7504196295052949495 0.8180906204570526086 
