0. 2.3054808085931703943 
0.00003051850947599719 2.1042381722733409788 
0.0012512588885158849 2.0945683645971615583 
0.0115054780724509423 2.0819704776849619066 
0.0156559953611865588 1.9651274750554037496 
0.0625019074068422498 1.9227248499234383949 
0.0957365642262031913 1.9148998733463600264 
0.1251258888515884848 1.7663233446777539815 
0.1252784813989684665 1.6962974524640321849 
0.1573534348582415199 1.6093664871520547699 
0.1925107577745902854 1.6058671154079289245 
0.2023987548448133722 1.6028235194874111968 
0.2500381481368449954 1.4835239773490740411 
0.2510147404400769333 1.4568445608599218666 
0.2618793298135319025 1.4283349259843702850 
0.2812891018402661203 1.3755809491495694097 
0.4486220892971587437 1.2113405320830090694 
0.5441145054475539089 1.1431654448016639325 
0.6263313699758903397 1.0531185588042459855 
0.7504196295052949495 1.0530686335269634490 
0.8129215369121371992 0.8819221753730313029 
