0. 2.5621330543871412289 
0.0000915555284279916 2.4378962285583640757 
0.0045167394024475845 2.3898543502131355254 
0.0049134800256355480 2.3684068171523726676 
0.0051576281014435255 2.2506788925601215467 
0.0068361461226233711 2.2294414586885715757 
0.0068666646320993683 2.1864035745983838588 
0.0320749534592730465 2.1298423737160114832 
0.0355540635395367316 2.1001708681257635902 
0.0367137668996246197 1.8827438555387647767 
0.0677205725272377740 1.7966670278812266748 
0.1563463240455336134 1.7730690781875688700 
0.2521134067812128010 1.5840087153744208948 
0.2621234778893398731 1.4704070270753397676 
0.2857142857142856984 1.4570671484660888684 
0.2869045075838496106 1.4518144915178519128 
0.4441663869136631138 1.4264948792569820402 
0.5020599993896298629 1.3873704779785567265 
0.5063936277352214521 1.2305875852362910816 
0.5394146549882503638 1.2232874246808811414 
0.5988647114474928701 1.1987089536832427061 
0.7261268959624012087 1.1977944796632720159 
0.7399822992645038733 1.1904140634552975442 
0.7520676290169988620 1.0926796407880770001 
0.8306833094271676154 1.0811295980597397381 
0.9746696371349223842 1.0292760278884947045 
