0. 2.2025471379426102558 
0.00006103701895199438 2.1737885479955223467 
0.0009765923032319101 2.1031195325716103284 
0.0041505172887356181 2.0947786463320663408 
0.0156254768517105624 1.8955141209420138804 
0.0234382152775658437 1.8442880444550089347 
0.0239570299386577951 1.8412217234291032852 
0.0551774651326029236 1.8127248409577436661 
0.0985442670979949364 1.7651663662504017971 
0.1250038148136844995 1.6279168801605354844 
0.1562547685171056244 1.5863588973862319253 
0.2187566759239478742 1.5560312912701823595 
0.2500076296273689991 1.3852681205245276352 
0.2814111758781701056 1.3551957616721255206 
0.5000152592547379982 1.2404128758203036842 
0.5001373332926419835 1.2206809927124950832 
0.5005035554063539394 1.1912800355988626411 
0.5009918515579698806 1.0476268646193667156 
0.7529526657918027555 0.9898937264124688662 
0.9064607684560685996 0.7579470889097372765 
