0. 2.3057081188706467500 
0.0005188146610919523 2.2872994885281356936 
0.0024414807580797754 2.1199676275843599704 
0.0158696249275185400 2.0168852439425584144 
0.1019623401593066220 1.9567698679821747820 
0.1024506363109225771 1.9151984622932129998 
0.1250038148136844995 1.8548653908544712188 
0.1640980254524369020 1.7408687469393560043 
0.2500076296273689991 1.6091422538559321254 
0.2503738517410809550 1.4503153921639786450 
0.3750114444410534986 1.2948626897900610277 
0.5344401379436628519 1.2915446168380415592 
0.5937986388744773691 1.2803986255458963406 
0.6925870540482802484 1.2577857634930091901 
0.7502670369579149678 1.2154359619105823409 
0.7503891109958189531 1.1039624061972950209 
0.9631641590624714366 1.0175772246586973768 
