0. 2.5773628429780592874 
0.00006103701895199438 2.5192237404270545475 
0.0001220740379039888 2.3946276794828684764 
0.0006408886989959410 2.3462715743890885101 
0.0009765923032319101 2.1492897095585692391 
0.0313119907223731175 2.1426262023333171314 
0.0555131687368388901 2.1077990687698373584 
0.0634784997100741599 1.9596446945975727338 
0.1096835230567339142 1.9153754490635301888 
0.1108737449262977986 1.8031583556251309375 
0.1963255714590899370 1.7047392752885357492 
0.2500686666463209917 1.4664535299826531034 
0.2509842219306009370 1.4581413846868860329 
0.2675862910855433818 1.4336687869314157506 
0.3764763328959013777 1.4320396527457397440 
0.4219794305246131749 1.4247990232184177817 
0.4375133518478957484 1.4148293116510319844 
0.4868312631611071972 1.3529468871359489057 
0.5471053193762016598 1.2222998528850881339 
0.7500839259010589899 1.1962811315882433405 
0.7501754814294869789 1.1120597778171292802 
0.7661366618854335009 1.0807920825492007832 
0.7690664387951292591 1.0607014606199438589 
0.8679464094973601274 1.0257788387609612091 
0.8940092165898617660 0.9619276641271913286 
0.9747917111728263695 0.9597922358436381529 
