0. 2.3907411051699405391 
0.00003051850947599719 2.3102433238695678774 
0.0020142216254158147 2.1355022780874723942 
0.0175786614581743827 2.0587984121050744157 
0.0217291787469100009 2.0389821485300778647 
0.0237434003723258173 2.0106891147322603075 
0.0351573229163487655 1.9870202051207428440 
0.0940580462050233518 1.9445926626594918218 
0.1113315225684377574 1.8148656242263954130 
0.2500076296273689991 1.8101244648378496116 
0.2504959257789849403 1.7274067011191021059 
0.2578203680532242803 1.6856527690623119842 
0.2814111758781701056 1.5779407612135536443 
0.3600268562883388590 1.4739507185130522604 
0.3619495223853266830 1.3589878507433541532 
0.5000152592547379982 1.3471845826561907877 
0.5042268135624256020 1.2860667279035475907 
0.5117954039124729126 1.2808558234309381785 
0.5317850276192510606 1.2373483124383422016 
0.5625171666615802479 1.1741690158054245430 
0.7921994689779351395 1.0227139764167345604 
0.8444166386913662947 0.8689495661324390108 
