0. 3.3080612011874861444 
0.0002136295663319803 2.4149170579340522025 
0.0012817773979918821 2.3064484108491760672 
0.0021668141727958006 2.1410339397552773377 
0.0033875545518356883 2.0085210153773678243 
0.0632953886532181820 1.8805858641707728918 
0.0640278328806421077 1.6983043614117478981 
0.0794396801660206958 1.6908090891370390896 
0.1291848506118961071 1.5960707051323490546 
0.1381572923978392764 1.5467542229609221316 
0.1909237952818384487 1.5039090116861546509 
0.2512588885158849039 1.3780448156809028681 
0.3140354625080111206 1.3090383610026938843 
0.3176671651356547943 1.2867641322170959572 
0.3801690725424970441 1.2405569060946441962 
0.5017853328043457850 1.2131524933094768315 
0.5640430921353800642 1.1528297238702833738 
0.5642872402111880348 1.0527669289801018237 
0.6370738853114413791 0.8935748561719111249 
0.9223914304025391253 0.8104302427284234556 
