0. 2.1440999828464928356 
0.0003051850947599719 2.0114257082351998385 
0.0007324442274239326 2.0020596260015102175 
0.0156254768517105624 1.9127577041588066375 
0.0159306619464705361 1.8854143563748191337 
0.0236823633533738212 1.8776833757573641037 
0.0471205786309396649 1.8408224614663770691 
0.0631122775963621901 1.7483707188682886535 
0.0644550920133060701 1.6967574347490395059 
0.1406292916653950620 1.6724275634573742000 
0.1408734397412030326 1.6611358312920367908 
0.1640980254524369020 1.5647414227500997530 
0.1877498702963347199 1.4628431768717653494 
0.2507400738547929109 1.4463904696558294027 
0.2541886654255806066 1.4185536443492481329 
0.2812891018402661203 1.4068915207924961308 
0.3462019714957121352 1.4061953294554090377 
0.3757744071779534067 1.2563446824920945222 
0.3913998840296639692 1.1465262962952911252 
0.5030671102023377417 1.0237614774149050856 
0.5631275368511001744 0.9692788059461260319 
0.7568590350047303961 0.9357594850031272227 
0.7570726645710623703 0.8507693450716495853 
0.9221472823267311547 0.6310939225136760200 
