0. 2.4351044943240838236 
0.00006103701895199438 2.2475652636657450500 
0.0010376293221839045 2.0651793177176220873 
0.0313119907223731175 2.0157627127417785395 
0.0509659108249153128 1.9867416749418904676 
0.0587786492507705940 1.9434346504146777779 
0.0592669454023865491 1.9399287453309099760 
0.0630512405774101975 1.8611478811339821071 
0.1276284066286202668 1.7573551499562538591 
0.1333658864101077424 1.7325285686203166779 
0.1353190710165715627 1.7275863062545546711 
0.1409344767601550252 1.6785784069057145817 
0.1836909085360270977 1.5970951261004320276 
0.1838129825739310830 1.5217733154666368556 
0.2501297036652729844 1.4752829169979588819 
0.3775139622180852528 1.4058796857120654522 
0.3791619617297891098 1.4038197108937182644 
0.3997314371166112434 1.3453598013444492132 
0.4692526017029328145 1.2342483875413854388 
0.5019684438612018740 1.2292690146213196556 
0.5063325907162694595 1.2186729639447952955 
0.5312662129581591230 1.2130026083252367641 
0.6693319498275703827 1.1990943351280889395 
0.7445600756859035441 1.1889386543696505161 
0.7598193304239021506 1.1726684464052694601 
0.8125247962889492470 1.0188971324375988292 
0.9165623950926237162 0.9876819805733192403 
0.9611499374370555682 0.9685992880475854383 
