0. 2.5107704029390376377 
0.00006103701895199438 2.4542791681565661044 
0.0000915555284279916 2.4334772245500886356 
0.0001831110568559831 2.2802480688523849572 
0.0044557023834955901 2.2244144395779175127 
0.0063783684804834132 2.1538222966037943173 
0.0369884334849086005 2.0186677906763286217 
0.0370494705038605931 2.0016525608679125447 
0.0673238319040498079 1.9501492741813033493 
0.0737937559129612092 1.9346952742780205714 
0.0860927152317880751 1.8341332314398506309 
0.1250648518326364922 1.8321678641263969833 
0.1923581652272103038 1.7592141509045062797 
0.1954100161748100195 1.7409492478253798531 
0.1989806817835017005 1.7220158385702666326 
0.2501907406842249770 1.5837655100797618513 
0.3361003448591570741 1.4792359020699590300 
0.3798333689382610290 1.3908157320395624357 
0.4107181005279701980 1.3644783817978289875 
0.5000762962736899908 1.3216270550890618640 
0.5001983703115939761 1.2931186135801406856 
0.5079805902279732610 1.1699438433670061865 
0.7697988830225531709 0.9653108360597356663 
