0. 2.0507796426808719836 
0.00003051850947599719 2.0285661344098242509 
0.0014954069643238624 1.8849838216079366493 
0.0165715506454664763 1.7537832975269551650 
0.0782189397869808012 1.7232704397373546090 
0.1250038148136844995 1.6803259109298813723 
0.1259498886074404134 1.6763246604386594640 
0.1264381847590563546 1.4953552809379897504 
0.2500991851557969881 1.3782123778604946640 
0.2507095553453169145 1.3583042085414485101 
0.3449507126071962859 1.3192422822481368883 
0.3769341105380413226 1.2860005473145079691 
0.3790093691824091282 1.2705094392086486721 
0.4699545274208807855 1.1749500140991746555 
0.5001068147831659871 1.1689321619035764055 
0.5005645924253059320 1.0424649097634124395 
0.5012054811243018548 1.0259775101056241020 
0.5940733054597613361 1.0125072063610414119 
0.7853938413647877370 1.0071513751383684987 
0.8129520554216131956 0.7958174875915688951 
0.8762169255653553535 0.7921467968633648660 
