0. 2.2111281009173446854 
0.00006103701895199438 2.0803868939948757522 
0.0192266609698782329 2.0526409547703652336 
0.0312509537034211249 1.9940816623965877952 
0.0645161290322580627 1.9727925588266079782 
0.0937528611102633747 1.9297433307871592056 
0.0938138981292153673 1.9289144718328543604 
0.0976592303231910153 1.8632043979817103363 
0.1265907773064363640 1.8619214311026777153 
0.1290627765739921218 1.7700036656645734556 
0.1351969969786675496 1.7698863513765326072 
0.2196722312082277917 1.7431431193340689578 
0.2374645222327341487 1.5989442251482415269 
0.2682576982940153010 1.5539613184199536633 
0.2740867336039307656 1.5402114036308043321 
0.3268532364879299101 1.4102206737153761829 
0.3424787133396404726 1.4022099848099927044 
0.4453260902737510296 1.3474547015729032573 
0.5005645924253059320 1.2034272342906786601 
0.5645313882869961164 1.1377176580337280409 
0.6954863124485000103 1.0567165197560632883 
0.7500228888821069972 1.0305574431336468333 
0.8145390179143651155 1.0044862646271377482 
