0.981684361111 0.0
0.980376313897 0.0002999550045
0.978987461235 0.00119928028791
0.97751380926 0.00269635827829
0.975951240668 0.0047884984099
0.97429551628 0.00747194518086
0.972542277096 0.0107418893864
0.970687046858 0.0145924824806
0.968725235154 0.0190168540074
0.96665214109 0.0240071320266
0.964462957541 0.0295544664515
0.962152776028 0.0356490552004
0.959716592218 0.042280173054
0.957149312086 0.0494362030996
0.954445758755 0.0571046706337
0.951600680025 0.065272279384
0.948608756613 0.0739249499038
0.945464611123 0.0830478599836
0.942162817747 0.092625486918
0.938697912712 0.102641651459
0.935064405486 0.113079563283
0.931256790735 0.123921867788
0.927269561038 0.135150694049
0.923097220366 0.146747703735
0.918734298299 0.158694140809
0.914175364995 0.17097088182
0.909415046884 0.183558486599
0.904448043071 0.196437249178
0.899269142431 0.209587248731
0.893873241374 0.22298840038
0.888255362243 0.236620505663
0.882410672315 0.250463302503
0.876334503371 0.264496514501
0.870022371788 0.278699899398
0.863469999102 0.29305329654
0.856673333008 0.307536673191
0.849628568719 0.322130169576
0.842332170638 0.336814142482
0.834780894275 0.351569207323
0.826971808341 0.366376278534
0.818902316942 0.381216608194
0.810570181804 0.396071822777
0.801973544442 0.410923957942
0.793110948186 0.425755491289
0.78398135999 0.440549373008
0.774584191918 0.455289054365
0.764919322225 0.469958513985
0.754987115928 0.484542281883
0.744788444782 0.499025461226
0.734324706546 0.513393747815
0.723597843456 0.527633447259
0.712610359785 0.541731489872
0.701365338405 0.555675443287
0.689866456244 0.569453522815
0.678117998527 0.58305459958
0.666124871724 0.596468206469
0.653892615083 0.609684541942
0.641427410671 0.622694471755
0.628736091814 0.635489528664
0.615826149871 0.648061910164
0.602705739224 0.660404474355
0.589383680434 0.672510733995
0.575869461465 0.684374848831
0.56217323692 0.695991616301
0.548305825222 0.707356460691
0.53427870367 0.718465420837
0.520104001342 0.729315136481
0.505794489782 0.739902833377
0.491363571451 0.750226307228
0.476825265906 0.760283906591
0.462194193697 0.770074514813
0.447485557966 0.779597531131
0.432715123762 0.788852851012
0.417899195068 0.797840845855
0.403054589576 0.806562342135
0.38819861123 0.815018600093
0.373349020587 0.823211292071
0.358524003045 0.831142480579
0.343742134999 0.838814596175
0.329022348002 0.846230415262
0.314383891009 0.85339303787
0.299846290803 0.8603058655
0.285429310705 0.866972579123
0.271152907675 0.873397117377
0.257037187931 0.879583655059
0.243102361221 0.885536581944
0.229368693872 0.891260482015
0.215856460788 0.896760113137
0.202585896519 0.902040387245
0.189577145593 0.907106351062
0.176850212261 0.911963167418
0.164424909825 0.91661609718
0.152320809744 0.921070481846
0.140557190675 0.925331726803
0.129152987652 0.929405285308
0.118126741581 0.933296643167
0.107496549238 0.937011304173
0.0972800139599 0.940554776268
0.0874941972157 0.94393255848
0.0781555712403 0.947150128602
0.0692799729205 0.950212931632
0.0608825591078 0.953126368979
0.0529777635377 0.955895788402
0.0455792555258 0.958526474704
0.0386999006046 0.96102364115
0.0323517232621 0.963392421604
0.0265458719312 0.965637863365
0.0212925863731 0.967764920695
0.0166011675883 0.969778449005
0.0124799503794 0.971683199692
0.00893627867783 0.973483815591
0.00597648373804 0.97518482704
0.00360586528866 0.976790648509
0.00182867572003 0.978305575783
0.000648107373547 0.97973378368
6.62829863503e-05 0.981079324253
