0.00003051850947599719 4.0746745342915060561 
0.0001220740379039888 3.8614873380959169324 
0.0001831110568559831 3.7380271705366685531 
0.0006408886989959410 3.3342960178615204114 
0.0006714072084719382 3.1960068804705010770 
0.0009155552842799158 3.1811707874159642628 
0.0067751091036713767 3.1186842203807842999 
0.0241096224860377836 3.0766048822494789228 
0.0323496200445570273 2.9674374475066129797 
0.0377819147312845258 2.8740794385838999148 
0.0978728598895229895 2.7264588451066242847 
0.1287575914792321585 2.6493627912232495802 
0.1777397991882076478 2.6404739244091737227 
0.2502517777031769697 2.4133040892724650916 
0.2516556291390728561 2.3837031664685541799 
0.2543717764824365846 2.3808611142038706987 
0.2548295541245765294 2.2489460539831029884 
0.2675557725760673855 2.2465893740519704558 
0.2753379924924466704 2.1223823965599843966 
0.4028138065736869278 2.0880527275899609663 
0.4306466872157963532 1.7713635261434543811 
0.4345530564287239938 1.6951429319993740474 
0.6212347788933988424 1.6254717538156304712 
0.6569719534897915381 1.5349454006600986577 
0.8111514633625294124 1.4951275751996773167 
0.8138370921964170890 1.3866083784883267427 
0.8159733878597369427 1.3385959613973192894 
0.8164311655018768876 1.2004019658135343107 
0.8239692373424482019 1.1388933701710819424 
0.8242439039277321688 1.1063796407302042279 
0.8258919034394359704 0.9853219065617955241 
0.8348948637348552193 0.8291586996502864348 
0.8461561937314981963 0.8264139856142826979 
0.8476821192052980125 0.7384246762223166671 
0.8477431562242500052 0.6712811711644874890 
0.8477736747337260015 0.5794717361476964257 
