0. 4.4759908781227526475 
0.00003051850947599719 4.3385199989360909711 
0.0002441480758079775 4.2928142940740299238 
0.0005188146610919523 3.8201928393914230675 
0.0008545182653279214 3.6111056607037164134 
0.0102542191839350566 3.2409378711681373630 
0.0103762932218390454 3.0186473316276014600 
0.0318002868739890726 2.8739079589436959949 
0.0337534714804528929 2.7130169175738974019 
0.0337839899899288892 2.6744723426998526783 
0.0393078402050843836 2.6220507457016926089 
0.1018097476119266404 2.5866838326639780554 
0.2312387462996307319 2.5090457565575947640 
0.2500381481368449954 2.3444920874937622557 
0.2547990356151005331 2.2631608081706260371 
0.2817468794824060652 2.0269613735070830529 
0.2819910275582140358 1.7831374585763055673 
0.4380321665089876859 1.4896880606608848829 
0.6589251380962554139 1.1815887588989966161 
0.8126468703268532323 1.0462824571298541265 
0.8130130924405651882 0.9496649952944162809 
0.8230536820581683122 0.8473830217863340675 
0.8440198980681783425 0.7969534754070928262 
0.8441419721060823278 0.7180371423882625503 
0.8442640461439863131 0.5744165750343624976 
0.8518326364940336237 0.5589087708227680196 
0.8523209326456495649 0.5400599592689114825 
0.8537858211004974995 0.4265570347471913659 
