0. 3.1264971170532165345 
0.00006103701895199438 3.0865621907609002150 
0.0001220740379039888 3.0571090324084444489 
0.0156254768517105624 2.9346904387408438986 
0.0314951017792291024 2.8759225837251460867 
0.0390636921292764061 2.7151271211327920874 
0.0781273842585528122 2.7011577350852551405 
0.1250038148136844995 2.6816457167404341710 
0.1757866145817438275 2.6625675456366066918 
0.1875057222205267493 2.6545124174911030046 
0.2500076296273689991 1.9423176772827686065 
0.2500381481368449954 1.9411864963394427352 
0.2500686666463209917 1.9166255333523163351 
0.4375133518478957484 1.8231434957577843381 
0.6147953733939633958 1.7712206633542491030 
0.6257515182958464095 1.4796034220890446065 
0.8145390179143651155 1.2710972458567897370 
0.8330637531662953288 1.2683235472308560521 
0.8359630115665150907 1.2424304878968170929 
0.8360850856044190760 1.0917516075675441911 
0.8437757499923703719 1.0057571872287378589 
0.8438367870113223645 0.9826272912751241595 
0.8440198980681783425 0.9640608766299705312 
0.8440809350871303351 0.8840669061487963498 
0.8452406384472181955 0.7284507601678229527 
0.8457899716177862404 0.6375653193251064055 
