0. 3.3088946722048984128 
0.00003051850947599719 3.2880080658695534090 
0.0002441480758079775 2.9401601764539027073 
0.0083010345774712363 2.9211199834343659631 
0.0625019074068422498 2.8533760235226415247 
0.0627460554826502343 2.8433073804885244940 
0.0628070925016022269 2.7913125629057851107 
0.0666829432050538712 2.4452742161421539002 
0.2500076296273689991 2.3545091140023606258 
0.2502517777031769697 1.8252881423256537285 
0.6250190740684224977 1.7274587176788498422 
0.6252632221442304683 1.5721547736898549008 
0.6406445509201330601 1.5549567830146187042 
0.6565141758476515932 1.3184924640667656792 
0.6570024719992675344 1.3086637439845507647 
0.6602374340037232558 1.1900487583880117182 
0.8170720542008728104 1.1484770942458846221 
0.8171330912198248031 1.0797955230540632332 
0.8223517563402203967 1.0162265000536641057 
0.8228400524918363379 1.0095985648196936779 
0.8335215308084352737 0.8264400498473215562 
0.8335520493179112700 0.8126497539854531382 
0.8437757499923703719 0.6901563671716874904 
