0. 3.3667072527763957090 
0.00006103701895199438 3.0179825857135198497 
0.0052186651203955199 3.0114009046719769636 
0.0312509537034211249 3.0067115768208951820 
0.0313119907223731175 2.7850153710838676524 
0.0322885830256050277 2.7811009601145766368 
0.0635090182195501562 2.5693734879962497608 
0.2500076296273689991 2.3863667373483545830 
0.2500381481368449954 2.3754458079224187728 
0.2500686666463209917 2.1951081559799345833 
0.2545548875392925625 2.1721640623927584990 
0.4375133518478957484 1.9330662429096896471 
0.4387340922269356569 1.7358448998593243306 
0.4453260902737510296 1.7086420045810617463 
0.4455702383495590002 1.5916340281093031006 
0.6458632160405285427 1.3137910308202884746 
0.6771141697439496676 1.2510203167565030480 
0.8208868678853724621 0.9398483782985809221 
0.8258308664204839777 0.7775782786394020984 
0.8442640461439863131 0.6333995666112762768 
0.8452406384472181955 0.6079008795471296800 
