0. 3.5130571864249464653 
0.00006103701895199438 3.1663045230526174478 
0.0019531846064638203 2.9815976455353889740 
0.0099490340891750847 2.9340281450083698367 
0.0488601336710715040 2.9171462375735424111 
0.0786461989196447636 2.9170167400273863123 
0.0938138981292153673 2.7256440249516979968 
0.1450849940488906642 2.6542102117340613532 
0.2502212591937009734 2.5399613268060421412 
0.2540971098971526176 2.1959074790545094480 
0.2560502945036164380 2.1236603318447353494 
0.2817468794824060652 2.1130782724322245691 
0.2837000640888698855 2.0769169927151693855 
0.4106570635090182053 1.8215847519211074701 
0.4262825403607287678 1.7580568766824447024 
0.4575945310831018853 1.5235623475684452188 
0.6289864803003021310 1.3144586793798311852 
0.6294747764519180722 0.9698522556626821833 
0.6451002533036286346 0.8737856195672604187 
0.8289132358775597176 0.8052389671575092001 
0.8319040498062074684 0.7943804911162970495 
0.8327890865810113619 0.7515953555040973955 
0.8335825678273872663 0.7035049375327350196 
0.8437757499923703719 0.4684882003185993904 
