0. 3.6564899715125491753 
0.0004882961516159551 3.5660632457144942897 
0.0012512588885158849 3.5224608541659461203 
0.0052797021393475143 3.1244766861734469820 
0.0637531662953581407 2.8745965767489183307 
0.0816980498672444794 2.7784114170779963260 
0.0850550859096041723 2.3748559073297834665 
0.2500076296273689991 2.3571129864578215241 
0.2500991851557969881 2.2442638037079887248 
0.2513199255348368966 2.0712417599763179865 
0.4427320169682912865 2.0047632135206741033 
0.4576860866115298743 1.8019246250262130893 
0.6211432233649708534 1.6762045724986820439 
0.6301461836603899913 1.6609956612553904431 
0.6302682576982939766 1.5916743572579510335 
0.6614276558732871125 1.5147878399340597433 
0.8146305734427931045 1.5142906824945598920 
0.8160954618976409280 1.2385638679612003266 
0.8224433118686483857 1.0662179351684255568 
0.8309274575029755860 1.0357602940086281240 
0.8312326425977355493 1.0160251081062268152 
0.8317209387493514905 0.9525308081092235257 
0.8397778252510147423 0.6416774125807719331 
