0. 3.4622628106705342077 
0.00003051850947599719 3.2946184132315949888 
0.0001220740379039888 3.1880093526601265275 
0.0039063692129276406 3.1518150285074590933 
0.0040284432508316294 3.0378248275111086052 
0.0313730277413251171 2.8446322888964319375 
0.0708334604937894824 2.5626930148321709346 
0.0728782006286812917 2.5498707678913792307 
0.1563768425550096097 2.5202002282472353301 
0.2501297036652729844 2.4291933224759674204 
0.2504959257789849403 2.3400598162999775020 
0.2520828882717368047 2.2982537021150433176 
0.2534867397076326911 2.1477397449565454046 
0.4537491988891262373 2.1159779141898464871 
0.4567400128177739882 2.0656825824991509322 
0.4688863795892208586 2.0395879429233567670 
0.4692526017029328145 2.0210539923483152869 
0.4693746757408367998 1.9129336984206817274 
0.4771874141666920810 1.6563929205762117913 
0.6207464827417829012 1.5789934873653106440 
0.6251411481063264830 1.5065823205509134564 
0.6255684072389904315 1.4348830479087542056 
0.6294747764519180722 1.4243452527602695756 
0.6372875148777733534 1.3485619909659058990 
0.6529129917294839158 1.2850471343954088521 
0.8155156102175969979 1.1825640634614531521 
0.8162480544450209097 1.1384158380178264203 
0.8218024231696523518 1.1381022929464192916 
0.8229010895107883305 0.8793913075352109976 
0.8378551591540268628 0.5103868710889852833 
0.8506729331339457634 0.4998382671938663702 
