0. 3.3258766441846976392 
0.0058595538193914609 3.1471614791308106795 
0.0366832483901486234 2.9844615889592276403 
0.0625019074068422498 2.7044843819259818396 
0.0674459059419537932 2.6890384467652497236 
0.0701620532853175494 2.6623565756183373843 
0.0718405713064973889 2.6359568097950791810 
0.0718710898159733852 2.1757533310070145127 
0.2504959257789849403 2.0198638448265557876 
0.2856227301858577094 1.8369058894023215789 
0.4375133518478957484 1.6573170113908777257 
0.4414502395702993853 1.6094938504856113326 
0.4424573503830073196 1.4906779479382341602 
0.6338999603259376503 1.1147539274711268931 
0.8130130924405651882 1.1058309315754819568 
0.8135013885921811294 1.0262654609916412873 
0.8135929441206091184 0.9571533132190755966 
0.8138370921964170890 0.9504341678366327040 
0.8169499801629688251 0.7973255454554124544 
0.8213141270180364106 0.6352843841827213733 
0.8247627185888241064 0.6298641297271181383 
0.8292184209723196808 0.6121378024398687057 
0.8440809350871303351 0.5717855117694637945 
0.8448438978240302433 0.5074488419112629378 
0.8594927823725089233 0.5040783078591017929 
