0. 3.0833649919020711394 
0.0078127384258552812 3.0096647213954370592 
0.0627460554826502343 2.9124015751689857900 
0.0637226477858821444 2.9069368268621995632 
0.0921964171269875204 2.7589936087816582244 
0.1328165532395397808 2.6297730586203584835 
0.2178106021301919604 2.3336604060150030193 
0.2597735526596881006 2.2733979268613033753 
0.3100070192571794947 2.1972171880341195838 
0.4358348338267158950 2.0348766109879026231 
0.4359569078646198803 1.9433926695887950853 
0.4442274239326151064 1.9078209803417829349 
0.4444715720084231325 1.8926546024996908635 
0.4523148289437544101 1.8656457390341125713 
0.6015808587908566540 1.6872968886980426184 
0.6328318124942777789 1.6855514017237811508 
0.6445509201330607008 1.6369017903854439222 
0.6446729941709646861 1.4978427937430702777 
0.6576433606982634572 1.1667137146230119882 
0.8203680532242805246 1.0897207827312596073 
0.8204901272621845099 1.0675124613301205656 
0.8215277565843683849 0.9080483825076982596 
0.8262276070436720410 0.8944455410677780716 
0.8422193060090945593 0.8074422231228735036 
0.8424634540849025299 0.7568624543294953932 
0.8539384136478774812 0.6646090693906311353 
0.8575701162755211548 0.5567450165197206369 
0.8577227088229011365 0.4788305953331652986 
