0. 3.7191613092651043537 
0.00003051850947599719 2.8939978225829241509 
0.0019837031159398175 2.7958121019967392407 
0.0021057771538438063 2.7605760772880025833 
0.0431226538895840353 2.7510603320698625573 
0.0440992461928159454 2.6911882474055652814 
0.1243629261146885628 2.6858101438471697619 
0.1250343333231604959 2.5844421854290895446 
0.2500076296273689991 2.3299818872097834976 
0.2500381481368449954 2.1926667479496897428 
0.2524796288949247569 2.0776903461188496180 
0.2559892574846644453 1.9754772036028542814 
0.4416333506271553633 1.9588354130465068792 
0.4453260902737510296 1.9559358441198313461 
0.4538407544175542263 1.5328922203471493368 
0.6243476668599505786 1.1969822885256093947 
0.8223212378307444004 0.9602729937767408019 
0.8360545670949430796 0.8826323612120662299 
0.8361766411328470649 0.8580355093585162463 
0.8383434553056429150 0.8513750384569832574 
0.8440809350871303351 0.6141594575879838480 
