0. 4.3381271948333210986 
0.00006103701895199438 3.2396130872753770014 
0.0001220740379039888 3.1845724500822543135 
0.0079348124637592700 3.1408456986442483405 
0.0094302194280831333 3.1203608516454210964 
0.0147709585863826411 2.9422606689030210703 
0.0625629444257942424 2.8811511444730659726 
0.1165196691793572853 2.6959426012969993636 
0.1875667592394787420 2.5586577828453318517 
0.2521439252906887973 2.3580098935248328118 
0.2669148838770714627 2.1698893082356054407 
0.4065065462202825941 2.0073794829165159115 
0.4069948423718985353 1.8668993587699500569 
0.4221320230719931565 1.7942108646491630175 
0.4221625415814691529 1.6270429928559404509 
0.6425366985076448323 1.6121971355236939249 
0.8125247962889492470 1.5166246657815700694 
0.8125858333079012397 1.1007249974603461329 
0.8145390179143651155 1.0484305621278098286 
0.8282113101596118021 0.8860256903542981233 
0.8301644947660756779 0.8696941969544375039 
0.8301950132755516742 0.8252390771547408743 
0.8321176793725394427 0.7874175058238808145 
0.8448133793145542469 0.6738126900558391030 
0.8457899716177862404 0.5595805293226309152 
