0. 3.4752952665791800868 
0.00006103701895199438 3.2412102645582305804 
0.0004882961516159551 3.2015827616037220160 
0.0005493331705679495 2.7848334228439686200 
0.0007934812463759270 2.7590657923675756535 
0.0017700735496078371 2.7017860208013915191 
0.0173955504013184013 2.6066077552886448565 
0.0662862025818659051 2.4691362603023385702 
0.2504959257789849403 2.1758001885843727408 
0.2505569627979369329 2.0498746544735975128 
0.3130588702047791827 2.0056034678116794190 
0.4298532059694204488 1.9658476937126874162 
0.4377574999237037190 1.5733747789550167617 
0.6256904812768944168 1.5212143264714430568 
0.6284981841486861898 1.3953774788536787987 
0.6363109225745414710 1.3596009977515999267 
0.8236640522476882387 1.3349197752642634196 
0.8243659779656361541 1.2145795129655592159 
0.8281502731406598095 1.1440503305635709719 
0.8281807916501358058 1.0117730159662525757 
0.8359935300759910870 0.9161773863772715298 
0.8369701223792229694 0.8404844453906673563 
0.8388927884762108489 0.8081935851325482423 
0.8400219733268227129 0.7872528996210231833 
0.8634601886043885566 0.7695467660509591745 
