0. 3.9308818902112405702 
0.0009765923032319101 3.8856570355595110300 
0.0011597033600878933 3.7207192123880221679 
0.0012512588885158849 3.3976701339604726826 
0.0090639973143711670 3.3683643668232994273 
0.0169072542497024462 3.3318230033834894677 
0.0327463606677449864 2.9078024464481195821 
0.0635090182195501562 2.8630849994739144826 
0.1338236640522476872 2.4982811115523060330 
0.1963255714590899370 2.2582196840793713477 
0.1982787560655537573 2.2476644743746527766 
0.1985229041413617279 2.2397714018535399560 
0.2205572679830317129 2.0555502377377958822 
0.2206793420209356982 2.0510399953774105519 
0.2509842219306009370 1.5957283296435753606 
0.4388866847743156385 1.5571714483229897041 
0.6338084047975096613 1.2989772094139482306 
0.6357615894039735371 0.8021660969007194941 
0.8213751640369884033 0.7919827745805680941 
0.8237861262855922240 0.7891943936773319068 
0.8291879024628436845 0.6611114393657213650 
0.8315073091830195162 0.5945049131637601958 
0.8351695303201391862 0.4533091387458949018 
0.8447523422956022543 0.3188003943019716568 
0.8467055269020661301 0.1756149471200740553 
