0. 3.6589240857338594104 
0.00003051850947599719 3.2963963052299711798 
0.0010071108127079073 3.1859250286803066920 
0.0548722800378429534 2.7721193699575477076 
0.1478316599017303890 2.7167157596033035816 
0.2305978576006347813 2.3023880095155839776 
0.2518692587054048304 1.9707271535213382041 
0.2826624347666860104 1.9469852769138826787 
0.4316843165379802838 1.9038234511340694777 
0.4493545335245826555 1.8720390056160753911 
0.4495986816003906261 1.7837781090057633904 
0.4498428296761985967 1.7459262891023907827 
0.4808496353038117510 1.7324192762357442099 
0.6094546342356639279 1.6227579638176392596 
0.6172063356425672165 1.3967269677410898421 
0.8125247962889492470 1.1545549539781940762 
0.8203375347148045282 1.0847992297883224388 
0.8204596087527085135 1.0006407980189051532 
0.8207953123569444731 0.9383511970320920215 
0.8360850856044190760 0.7007085463004456560 
0.8515884884182256531 0.6348301744206475972 
