0. 3.3212167834964314572 
0.00003051850947599719 3.2384733402846039851 
0.0001220740379039888 3.2172610230826075295 
0.0001525925473799860 3.2169248279016962044 
0.0003662221137119663 3.0136805812622560197 
0.0003967406231879635 2.8902098637306803397 
0.0013428144169438765 2.8042063844533191563 
0.0642719809564500921 2.7861582820872348165 
0.0718405713064973889 2.7217411825006876391 
0.0795617542039246811 2.7038836863561535040 
0.1251564073610644812 2.6165073726539640475 
0.1257667775505844354 2.5738656643712514160 
0.2500076296273689991 2.2068159863227356787 
0.2578203680532242803 2.1224143008982521152 
0.2578814050721762730 2.1190513863027624630 
0.4337290566728720931 2.0886884988218432646 
0.4400769066438794952 2.0778637887712965160 
0.4404736472670675029 1.9123827266504180855 
0.6058229316080202542 1.7291690816387217389 
0.6214178899502548203 1.6538954999028658843 
0.6252632221442304683 1.6075042740357687876 
0.6394238105410932071 1.5141327137284816828 
0.6565141758476515932 1.3070670347265276323 
0.8127994628742332139 1.3053189612982749601 
0.8214667195654163923 1.2469835356765881507 
0.8225043488876003783 1.2121471869644797614 
0.8256477553636279998 1.2097556386297865227 
0.8265327921384320042 1.2010806055274616533 
0.8272652363658559160 1.1966517840664343542 
0.8274178289132358977 0.9174191946667157316 
0.8496658223212378846 0.8478445279022461811 
