0. 3.6009789075005027570 
0.00003051850947599719 3.5574608748551366233 
0.0002746665852839747 3.5382766797612856813 
0.0017395550401318400 3.4367925843675668496 
0.0019837031159398175 3.4367069906812908187 
0.0020447401348918119 3.4268710185582724748 
0.0027161473433637501 3.4166743283363585348 
0.0039368877224036378 3.3378760060867587178 
0.0098574785607470940 3.3197667442123428572 
0.0176702169866023752 3.2841388127864079571 
0.0292977690969573046 3.1138591175309167092 
0.0625019074068422498 3.0328738681793487864 
0.0635090182195501562 2.9378707804165089534 
0.0657063509018219610 2.8150303072323521469 
0.0723593859675893403 2.6518409834345200160 
0.0966826380199591051 2.5231365645421015564 
0.1005890072328867457 2.3963286839702324649 
0.2297433393353068565 2.3911172644349405481 
0.2350230414746543872 1.9056704998269593521 
0.4239936521500289879 1.8961536333129775933 
0.4398632770775475209 1.5898771456653308931 
0.4696493423261207667 1.5578522460823551743 
0.4713583788567766164 1.5158241750552154947 
0.6270027771843623698 1.4451883781580514565 
0.6436048463393048147 1.2889153914345323759 
0.6437269203772088000 1.2726049513198591789 
0.8173162022766807810 1.0775902180895531313 
0.8252815332499160439 0.9413744716734551154 
0.8298898281807916000 0.8684720504293517163 
0.8301950132755516742 0.8157757894044886937 
0.8371532334360789473 0.7688330477881935021 
0.8409375286111026027 0.7064814265173954277 
0.8440809350871303351 0.6276011806780786850 
0.8446607867671742653 0.3910709581210189412 
