0. 3.6352269893069459883 
0.0002136295663319803 3.3611507189735609913 
0.0157780693990905475 3.3478319238523757129 
0.0184026612140263078 3.2733774618714659432 
0.0185247352519302966 3.0924997347228022626 
0.0188909573656422629 3.0738332270914638933 
0.0632343516342661893 2.8727996367021702007 
0.0798974578081606546 2.8627486776154857928 
0.1109653004547257876 2.8456280316781361606 
0.1374553666798913609 2.8094016055425914402 
0.1772515030365917066 2.6936570559213044440 
0.1850642414624469878 2.5913262900141704748 
0.2146366771446882593 2.2818221341798228252 
0.2517166661580248488 2.0391181353721554714 
0.4377574999237037190 2.0218224529838209058 
0.4380932035279396786 1.7724568084550567093 
0.4429151280251472644 1.7633504158834800712 
0.4459364604632709561 1.6485679997926985241 
0.4724570451979125396 1.6377256134636142271 
0.6109805597094637442 1.6050197959248373447 
0.6135441145054475465 1.4518023607961902943 
0.6427503280739769176 1.4413624896408001597 
0.8010498367259742958 1.2040596395318892142 
0.8030030213324381716 1.1517421113024830515 
0.8125247962889492470 1.1010495222670353410 
0.8126468703268532323 0.8849941906334711783 
0.8130130924405651882 0.8359623874032039437 
0.8131351664784691735 0.7688498055521619801 
0.8220465712454603224 0.7405564545487377526 
0.8259529404583879630 0.6332939864737879843 
0.8282723471785637948 0.6312338133174035804 
0.8374279000213629143 0.5608089317185517286 
0.8376110110782188922 0.5357347431824306394 
0.8596453749198889049 0.3506856824353555280 
