0. 3.8194335554168779012 
0.0001220740379039888 3.6356360837705889999 
0.0002136295663319803 3.5060105986219425311 
0.0002441480758079775 3.4621606184465703038 
0.0007324442274239326 3.3341148442976766830 
0.0011902218695638905 3.2499124111253863134 
0.0157170323801385549 3.1283207899604978941 
0.0166936246833704650 3.1036332264384980384 
0.0402539139988402975 2.9676045130462873622 
0.0627155369731742240 2.8223186449307497980 
0.0791955320902127113 2.6621715850434002348 
0.2041993469038972109 2.5227211422237618699 
0.2130802331614123912 2.2826069436911304855 
0.2511978514969329113 2.0447444699842702853 
0.4381847590563676675 1.8895617147772219013 
0.4414197210608233890 1.6251692063873488525 
0.4456312753685109929 1.6076231826894522570 
0.4495376445814386335 1.6007243840823555114 
0.4611346781823175700 1.5993511560094433310 
0.4727927488021484992 1.5540083194996265892 
0.4730368968779564698 1.5482135299069685885 
0.6450086977752006456 1.4365474842801240207 
0.6604510635700552301 1.3837831723573787990 
0.6605121005890072228 1.3756981650299657804 
0.8128910184026612029 1.2062404935479944523 
0.8207037568285164841 1.1058312979159932166 
0.8224433118686483857 1.0310891782208944090 
0.8226874599444563563 0.9115454185416494992 
0.8441419721060823278 0.4996652231054727888 
