0. 4.2450057511604928351 
0.00006103701895199438 4.2097566193810065371 
0.0001220740379039888 3.6790783964159818886 
0.0004882961516159551 3.1629896153308232343 
0.0094607379375591296 2.8819717990706115174 
0.0199591051973021655 2.7739732714216298604 
0.0242622150334177687 2.6685713251528140333 
0.0243842890713217575 2.5651234883500784178 
0.0785241248817407783 2.4665484600849119090 
0.2238837855159153956 2.1955126158454372209 
0.2505569627979369329 1.8420533081653476248 
0.2511673329874569149 1.8361257675305477921 
0.4376049073763237374 1.6909104104720076300 
0.4383068330942716528 1.5439590582764239901 
0.6144596697897274362 1.2604243984959992986 
0.6164128543961913120 1.1772896337409564094 
0.8128299813837092103 1.1507097186526049626 
0.8165227210303048766 1.1366571526159210403 
0.8167363505966368509 1.0486609535672968274 
0.8167668691061128472 0.9431372386962630916 
0.8248237556077760990 0.7979025404416028033 
0.8284554582354197727 0.7618333329709854329 
0.8288216803491317286 0.7488713298222170467 
0.8327280495620593692 0.6199193801400981751 
0.8480178228095339721 0.5198850075467983389 
0.8521683400982695833 0.4885655369654605673 
