0. 3.4402610700631317542 
0.00003051850947599719 3.2066231391152251184 
0.0046693319498275704 3.1739783652543254178 
0.0156559953611865588 3.1541473795861802998 
0.0169988097781304352 3.0125215837706482702 
0.0625019074068422498 2.9176997351361655397 
0.0701010162663655567 2.5380076767061727772 
0.2500076296273689991 2.2884590827822091086 
0.2511368144779809186 2.2590849102662868830 
0.2512588885158849039 2.1813143781463013582 
0.2612384411145359797 2.1441049355004371257 
0.2735679189428388280 1.8372178339069979991 
0.4385204626606036826 1.4650901441490644661 
0.4387646107364116532 1.4620159121246860678 
0.4544816431165502046 1.4126010367157417757 
0.6517532883693960555 1.3195197163057643674 
0.8127689443647572176 1.1657470063863408782 
0.8127994628742332139 1.1615998584136386640 
0.8135319071016571257 1.1021773610961800305 
0.8137760551774650963 0.9426912483058895731 
0.8199102755821405797 0.9288771289506855266 
0.8291268654438916918 0.8133590442132775378 
0.8309274575029755860 0.7640596541395197061 
0.8318124942777794795 0.7314936514824809111 
0.8319040498062074684 0.4979724900630997375 
0.8509475997192297303 0.4936026062788060886 
