0. 2.4530998912909645071 
0.00003051850947599719 2.1868800636006899829 
0.0005798516800439466 2.1785706735044176874 
0.0012512588885158849 2.1302270263803482209 
0.0035706656086916715 2.0532428230083734633 
0.0039368877224036378 1.9756149549617276762 
0.0354319895016327394 1.7355863877837442999 
0.1984923856318857316 1.6673122087119625068 
0.2500381481368449954 1.5660119060397472701 
0.2502822962126529660 1.3541612665499009882 
0.2509537034211248852 1.3116868158336212335 
0.2579424420911282656 1.1448728791804705374 
0.6257515182958464095 0.9907609418302656401 
0.6279793694875942522 0.8425746369148983117 
