0. 2.8058664994112034741 
0.00006103701895199438 2.4966524547529655997 
0.0000915555284279916 2.3570905907315387040 
0.0001831110568559831 2.2492354608748112987 
0.0002136295663319803 2.1841809175288733336 
0.0004272591326639607 2.1370284608166105755 
0.0009155552842799158 2.1146995264472030485 
0.0011597033600878933 2.0296161959612164516 
0.0023804437391277810 1.9736194875429657891 
0.0314645832697531061 1.9708084834377488370 
0.0346079897457808178 1.8991017637768194959 
0.0492568742942594701 1.8424969478573571813 
0.0644550920133060701 1.8234644719338701790 
0.0855739005706961237 1.7692128391204198223 
0.1356852931302835186 1.7226994951559604363 
0.1742606891079439557 1.6391932408985769864 
0.2460097048860133695 1.5688045777329382435 
0.2506179998168889256 1.1302597960360718510 
0.6250495925778984940 0.9602561803268334639 
0.6356089968565935555 0.8040213595934581070 
0.6407971434675130418 0.7162275039058254578 
0.6408276619769890381 0.6786747584549397416 
