0. 2.2488805495015489200 
0.0000915555284279916 2.2470783647009731077 
0.0001525925473799860 2.1792901753508773233 
0.0014954069643238624 2.1406458996230814940 
0.0025940733054597613 2.1100764213548757198 
0.0028992584002197333 2.0759450350418857667 
0.0054628131962034974 1.9138889648642487540 
0.0151676992095706054 1.8595603412618062489 
0.0358592486342967018 1.7687880449936628224 
0.0361033967101046793 1.7668238995958354121 
0.0639667958616901150 1.7162601176137510794 
0.1744743186742759577 1.6646040716479970634 
0.2085329752494888278 1.5847231845555507235 
0.2500991851557969881 1.4410529281205517460 
0.2505569627979369329 1.2722694286555995546 
0.2539750358592486323 1.1645687397071045055 
0.4487746818445387253 1.1572349297550441616 
0.4546342356639301863 0.9788017054513072912 
0.4580523087252418857 0.8253748879205980993 
0.6276436658833582927 0.6209956102605534989 
