0. 2.6391059970975847548 
0.00003051850947599719 2.5222500433086509908 
0.0004882961516159551 2.2698336932097413765 
0.0005493331705679495 2.1888396675103414246 
0.0039063692129276406 2.0404893667152048664 
0.0048524430066835536 1.8786489175090645975 
0.1880550553910947109 1.7475579626291752877 
0.2500076296273689991 1.6074750755517173140 
0.2505264442884609366 1.4340210378434852245 
0.2505569627979369329 1.1839663143613816665 
0.2583391827143162178 1.1644701607163767676 
0.6315195165868099369 1.0087415203138627717 
0.6568193609424115564 0.9153740370769971602 
