0. 2.8059327982421340408 
0.0000915555284279916 2.7625259024155166543 
0.0001220740379039888 2.6597627463667867786 
0.0001525925473799860 2.5634934844019903188 
0.0003967406231879635 2.5292289456369720924 
0.0005493331705679495 2.0879834231439837744 
0.0007934812463759270 2.0675278624561763685 
0.0017700735496078371 2.0364614724407066326 
0.0051881466109195227 1.9846395573868103046 
0.0053102206488235115 1.9568405448657211210 
0.0056764427625354778 1.9079451811064500610 
0.0126346629230628376 1.8564400974813597411 
0.0524307992797631781 1.7037190454661634842 
0.1341593676564836468 1.6829648016913374420 
0.2501602221747489807 1.6273346817060807545 
0.2508011108737449035 1.5552856956965077639 
0.2511062959685049223 1.5189764610351046414 
0.2539139988402966397 1.2337311851188887957 
0.2555619983520004968 1.2241612981862324272 
0.6266365550706503029 1.1858149359605865136 
0.6274910733359783110 1.1169334347195840618 
0.6303292947172459693 0.9466320243392402078 
0.6402783288064211042 0.8510563524100100974 
0.6459547715689565317 0.6286843668979152921 
