0. 2.3026394301247155028 
0.00003051850947599719 2.2534343642535290542 
0.0000915555284279916 2.2453600801277229237 
0.0007629627368999298 2.1885595957873884565 
0.0009765923032319101 2.1044201608007941928 
0.0010071108127079073 2.0933741295177670239 
0.0014648884548478652 2.0680609478969587123 
0.0031434064760277108 2.0604862281737532648 
0.0048829615161595508 2.0057659684250381815 
0.0052491836298715171 1.8553423136774858104 
0.0058900723288674581 1.8352845238652939486 
0.0070497756889553514 1.7821994626576238563 
0.0322275460066530350 1.7135573779868562561 
0.0650959807123020068 1.6844094576588006795 
0.0760826441236610029 1.6291297206486088367 
0.2507705923642689072 1.1594157641861131402 
0.2570268868068483759 1.0508056383705490777 
0.6322214423047578524 0.6446173338357891192 
