0. 2.6945223484940168390 
0.0001220740379039888 2.4766893421182398782 
0.0003662221137119663 2.2069089392193146359 
0.0004272591326639607 1.7990947265842132108 
0.0079348124637592700 1.7940083812127582963 
0.0106814783165990173 1.7034753569043428190 
0.0391857661671803983 1.6760449552205938239 
0.0651264992217780031 1.6449455002321595742 
0.2368541520432142222 1.5892785113655647500 
0.2503738517410809550 1.2528064923296249322 
0.2504348887600329476 1.0512122718561454082 
0.6256904812768944168 0.7068429325314922185 
0.6259346293527023874 0.4577968923278231683 
