0. 2.6744811590298480652 
0.00003051850947599719 2.5446580467220205612 
0.00006103701895199438 2.4680066126962962869 
0.0005188146610919523 2.1133045582119862615 
0.0045472579119235816 2.1032474642539753518 
0.0074465163121433149 2.0959105402905131577 
0.0101931821649830622 2.0900118378385026396 
0.0113528855250709555 1.9695161214033600761 
0.0225226599932859296 1.9172213247162754879 
0.0396435438093203502 1.9035353625747606365 
0.0514236884670552716 1.7705782710639210720 
0.0859706411938840898 1.7563296492597266774 
0.1139255958738975144 1.7264264353854552603 
0.2500076296273689991 1.6572701144662282946 
0.2504043702505569513 1.5644237432597025705 
0.2505264442884609366 1.4775842056199595120 
0.2510147404400769333 1.3836148479055725424 
0.2534562211981566948 1.3383270073515944887 
0.2535172582171086875 1.1987014591413767128 
0.6313974425489059516 0.6380750485528644544 
