0.00003051850947599719 3.0981943445262514203 
0.00006103701895199438 2.3025738380500273550 
0.0001220740379039888 2.2896667403564152643 
0.0003357036042359691 2.1287974920675796220 
0.0004272591326639607 2.0557391357682264221 
0.0006103701895199438 1.9205915068155494652 
0.0012817773979918821 1.9080000685806492999 
0.0025940733054597613 1.8991757096571646457 
0.0043336283455916013 1.8309597940280346595 
0.0084231086153752251 1.7828889267740513080 
0.0331736198004089489 1.6150314092803026433 
0.2502212591937009734 1.5552718940676781845 
0.2504654072695089439 1.5001911672765162464 
0.2506179998168889256 1.1502199590006887409 
0.2506485183263649219 1.0647076951608627215 
0.6303292947172459693 0.9028654541404729228 
0.6671956541642506400 0.5684197580825844920 
