0.00003051850947599719 3.1085491400533853401 
0.0000915555284279916 2.6383403837041980999 
0.0001220740379039888 2.1552750941599860823 
0.0002441480758079775 2.1545025934937447332 
0.0002746665852839747 2.0450576502181245786 
0.0027161473433637501 1.9934806129572035793 
0.0045167394024475845 1.9886216378087353540 
0.0052186651203955199 1.8211619433212760111 
0.0315256202887050988 1.8058202403838872208 
0.0627460554826502343 1.7279484922648202794 
0.0674764244514297895 1.6869950733842229429 
0.1902218695638905055 1.6259995080189439953 
0.2046266060365611872 1.6216694810335019472 
0.2503128147221289623 1.4090936113594865198 
0.2511368144779809186 1.3902639682901327678 
0.2515640736106448672 1.1899507230421209059 
0.2564470351268043902 1.1184701073640208602 
0.6414685506759849609 1.0248598053002200281 
0.6434217352824488367 0.5348763378694385562 
