0. 2.1703637911565780705 
0.0001220740379039888 2.1072103721365564866 
0.0003662221137119663 2.0397215903566507933 
0.0004882961516159551 2.0072764596433847473 
0.0006103701895199438 1.9352739424741476348 
0.0052491836298715171 1.9193850585980256618 
0.0055543687246314890 1.8356491822337788200 
0.0157475508896145512 1.7970490609952571859 
0.0250251777703176977 1.7947896038203758895 
0.0322275460066530350 1.6168012069320067958 
0.0478530228583635975 1.6127574682269358863 
0.2500076296273689991 1.5151208816067800456 
0.2501297036652729844 1.3815522434728226830 
0.2506485183263649219 1.3456749069942095520 
0.2507400738547929109 1.2345084333224030093 
0.2512283700064089076 1.2259000995714437465 
0.2532425916318247205 1.2255170066132097251 
0.2657856990264595431 1.0323697499824173729 
0.2749717703787347145 0.9757623439902448625 
0.6334421826837977054 0.9572183136010680160 
0.6389355143894772659 0.7165448776581582191 
