0. 2.5613469396775352393 
0.00006103701895199438 2.2512398963269868446 
0.0000915555284279916 2.0349434648209632215 
0.0004272591326639607 1.9938112019898561744 
0.0005493331705679495 1.8409274515620481782 
0.0015259254737998596 1.8402437194227452277 
0.0015869624927518540 1.6404371182707233601 
0.0640888698995941003 1.4532431324613155343 
0.2504959257789849403 1.3796932105841550609 
0.2514725180822168782 1.0992433494791427062 
0.6265144810327463176 0.9777751835807323433 
0.6279793694875942522 0.8787452841604140863 
0.6280709250160222412 0.6161173017351684322 
0.6284676656392101934 0.3834254843278948055 
