0. 3.0162326899540432556 
0.00006103701895199438 2.5849639088701215073 
0.0005188146610919523 2.5517428308782608148 
0.0005493331705679495 2.3482695366098007561 
0.0018921475875118259 2.3199810322646960969 
0.0025025177770317698 2.2252376377082936365 
0.0073244422742393261 2.2111907928970695458 
0.0122684408093508713 2.1692242757754063298 
0.0151982177190466017 2.1260489313418324819 
0.0152287362285225998 2.1006364339306737854 
0.0230719931638538774 2.0851247950350337845 
0.0258796960356456191 1.9870510102557477072 
0.0748008667256691157 1.9858935651656206556 
0.0775170140690328718 1.9624382197503140723 
0.0932035279396954269 1.8877580562358635685 
0.1362346263008514802 1.8326364460524311450 
0.2047791985839411688 1.8202889785195235373 
0.2125919370097964500 1.7635755682234430797 
0.2517777031769768414 1.5871516572972448333 
0.2544633320108645735 1.5523545182140900955 
0.2564165166173283939 1.4469491612477458631 
0.5019074068422497703 1.4413430708258050394 
0.6255684072389904315 1.2094234850275968895 
0.6287423322244941604 1.1748265339663932494 
0.6367992187261574122 0.8600420002212678661 
0.6401562547685171189 0.5848168007819034564 
0.8328501235999633545 0.5748682802955499271 
