0. 2.6049431566451950459 
0.0000915555284279916 2.3137720568375197416 
0.0001220740379039888 2.2800223582739906902 
0.0004882961516159551 1.9891480852893517195 
0.0103762932218390454 1.9785846040387333744 
0.0161137730033265175 1.9521966046662240224 
0.0161442915128025138 1.9309290313117088988 
0.0239265114291817987 1.9270248703565588944 
0.0317392498550370800 1.8546347366245865551 
0.0322275460066530350 1.8510101749811718186 
0.0337229529709768966 1.8177572751521589023 
0.1259498886074404134 1.6554970498110876953 
0.2501297036652729844 1.3573660868161296911 
0.2661214026306955027 1.3269743924339620911 
0.5005035554063539394 1.1372102490606059710 
0.6334421826837977054 0.9755228687598991311 
0.6352732932523575959 0.8448877941652893631 
0.6353953672902615812 0.4856714063536559101 
