0. 2.4284083124000916953 
0.00003051850947599719 2.4201020283639973485 
0.0000915555284279916 2.4018172356094136255 
0.0002136295663319803 2.2154713304954691821 
0.0003357036042359691 2.1772624319364908274 
0.0006714072084719382 2.1735415088760423607 
0.0009460737937559130 2.1350037714183631721 
0.0025635547959837641 2.1293678707033665276 
0.0028687398907437361 2.1217859966105447889 
0.0055848872341074862 1.9541396735263572015 
0.0319223609118930649 1.8423729597274103309 
0.0320749534592730465 1.7632950786134280463 
0.1098971526230658885 1.7295187195141996650 
0.2501907406842249770 1.5956228767223472609 
0.2502212591937009734 1.4977610404809362787 
0.2508316293832208998 1.3153958123914242240 
0.2516556291390728561 1.2764293108319295644 
0.6275521103549303037 1.0875440582150244229 
0.6466566972869045582 0.9707847362380729317 
0.6490981780449842642 0.9332273147822589543 
