0. 2.3281739512945636150 
0.00006103701895199438 2.2944589329718620974 
0.0002136295663319803 2.1430055494561606189 
0.0014038514358958708 1.9581416283345580709 
0.0029908139286477248 1.9278440393531299790 
0.0033875545518356883 1.8708366914215948107 
0.0154423657948545793 1.8696256274999203395 
0.0190130314035462517 1.8180067580259786641 
0.0227973265785699035 1.7288540956081830391 
0.0343638416699728402 1.7264252355751088519 
0.0779442732016968343 1.6916861615221423509 
0.0967436750389110978 1.6906650930798494681 
0.1576586199530014831 1.6903359995173870001 
0.2296517838068788675 1.6180063736880956338 
0.2500076296273689991 1.3326593483977366983 
0.2512894070253609002 1.2777744540377553584 
0.2675252540665913892 1.2266730873264848345 
0.5021820734275338482 1.1698826604203398372 
0.6045106357005524122 1.1066758894700927662 
