0. 2.4769769416875471180 
0.00006103701895199438 2.2600725527516560831 
0.0001831110568559831 2.2272573442690122292 
0.0004577776421399579 2.1502419992828465389 
0.0006103701895199438 2.1062876909679681958 
0.0016479995117038484 1.9056920836633250982 
0.0630512405774101975 1.8311470660636559593 
0.0631733146153141828 1.7819202178947317616 
0.0651264992217780031 1.7347863987364950944 
0.2500686666463209917 1.4042348410464786657 
0.2506790368358409182 1.3852507250647121406 
0.2524796288949247569 1.1855485975322510583 
0.6332590716269417275 0.9618165194054936196 
0.6577043977172154499 0.6140893516097062355 
