0. 3.6172410636016256724 
0.00003051850947599719 2.8700366320959105337 
0.00006103701895199438 2.6567060846757799553 
0.0000915555284279916 2.2358529061135290483 
0.0008239997558519242 2.1285596954850514173 
0.0098574785607470940 2.0715394521169350206 
0.0157780693990905475 1.9337953237992797639 
0.0167546617023224577 1.9304874902291278005 
0.0314340647602771098 1.8804295322001218782 
0.0792565691091647040 1.8009298675489948671 
0.1271706289864802941 1.7693196236532549026 
0.1587572862941374063 1.6916349560837209420 
0.2042603839228492035 1.6868839539117834736 
0.2520523697622608084 1.4786920346597978160 
0.2525406659138767496 1.4225547098320707740 
0.2527848139896847202 1.3705242138241640060 
0.5027314065981017821 1.3620011435564196578 
0.5027924436170537747 1.2320972353590529114 
0.6476027710806604443 0.7756923340179008308 
