0. 3.1268949100388008233 
0.00003051850947599719 2.9827426067328786097 
0.00006103701895199438 2.6775970749007513838 
0.0000915555284279916 2.5217176866595116813 
0.0002441480758079775 2.4122840755304943983 
0.0003357036042359691 2.1210230880594513891 
0.0010376293221839045 1.9349774793192204836 
0.0026245918149357585 1.9064970943133079384 
0.0036011841181676687 1.8892114462222004967 
0.0053712576677755058 1.8282059943061401697 
0.0209967345194860683 1.8068126399369077717 
0.0628376110110782232 1.7239161954096284823 
0.0636616107669301379 1.6531995453309391575 
0.0640278328806421077 1.5915932461466659742 
0.1886654255806146374 1.5813484432077542507 
0.2510452589495529296 1.3813286510877436086 
0.2536393322550126728 1.3486831737606945758 
0.2553788872951445188 1.2092430032128436146 
0.6287118137150181640 1.1760558433518288890 
0.6441846980193487449 1.0494710649388259149 
