0. 2.4501922139915790488 
0.00003051850947599719 2.3837970889685307085 
0.00006103701895199438 2.2264898054910156055 
0.0004577776421399579 1.8622850392225536176 
0.0033265175328836940 1.8145206852311157597 
0.0184331797235023041 1.7995239833981611088 
0.0258491775261696227 1.7358748964956289829 
0.0317087313455610836 1.6780540018957239567 
0.0365611743522446381 1.6546206342454992111 
0.0510879848628192981 1.6194498527328868853 
0.0652485732596820023 1.5622849819734809795 
0.1254310739463484481 1.5554134307217322153 
0.1635181737723929440 1.5130771919550811688 
0.2504654072695089439 1.1495230391082240651 
0.2506790368358409182 1.1394734673549868908 
0.2524185918759727643 1.0640964225784295127 
0.2529068880275887055 1.0568071979372821723 
0.6256904812768944168 1.0215517013687929193 
0.6270943327127903588 0.8066813871549329828 
0.6592913602099673698 0.5622697406712802159 
0.8511612292855617046 0.2638992546317380228 
