0. 2.2070649297074540485 
0.0004882961516159551 2.1877664190115582166 
0.0005188146610919523 2.0149767467201065152 
0.0014648884548478652 1.9830907012041958382 
0.0037537766655476546 1.9410411622510874707 
0.0093691824091311389 1.9315945064519393082 
0.0094607379375591296 1.8611779074764323028 
0.0133976256599627683 1.8316640878115848512 
0.0562761314737388260 1.7881671065969062528 
0.0635090182195501562 1.6548234834905750645 
0.2502517777031769697 1.6245362041170201550 
0.2503128147221289623 1.6182222707364410930 
0.2504959257789849403 1.5649149425582045136 
0.2505264442884609366 1.4796907684047555520 
0.2514725180822168782 1.3486314580050489109 
0.2518692587054048304 1.2023516572388499579 
0.2594378490554521410 0.9632773740786882977 
0.6302987762077699729 0.9616502805755425820 
0.6322519608142338487 0.8938783235404598182 
0.6398205511642811594 0.8618238305388634668 
0.6407666249580370454 0.6224860376440208842 
