0. 2.7634636614002943133 
0.00003051850947599719 2.7346221493549234260 
0.00006103701895199438 2.7107433762568398095 
0.0000915555284279916 2.6263661331661110054 
0.0003051850947599719 2.6226777029008063735 
0.0005798516800439466 2.5701851699578184274 
0.0010376293221839045 2.4897989695923379294 
0.0313119907223731175 2.3843492955351646145 
0.0468764305551316873 2.2990618829807796253 
0.0471510971404156612 2.2653947885649841076 
0.0668355357524338528 2.1408670053760618934 
0.2500686666463209917 1.5047658972183539650 
0.5971556749168370759 1.4847162206306832033 
0.6270943327127903588 1.0470909508004495603 
0.8128604998931852066 0.9667106968777980924 
0.8139896847437970706 0.7982456906614601166 
0.8147831659901730861 0.7880029031586501809 
0.8148136844996490824 0.7541116619374483854 
0.8169804986724448215 0.7482805246074651917 
0.8174077578051087700 0.7255391864721446593 
0.8225348673970763746 0.6457310392557782386 
0.8228400524918363379 0.6432901820680413385 
0.8229621265297403232 0.5362883624869834165 
0.8381603442487869371 0.3756900481116023927 
0.8445081942197942837 0.3375421745686298380 
0.8458204901272622367 0.3315828744886083479 
0.8487197485274818876 0.1288935909694794712 
