0. 2.8160196918051481063 
0.00006103701895199438 2.6448292047818364736 
0.0001525925473799860 2.5451711016320381908 
0.0003662221137119663 2.4717443842748925142 
0.0040284432508316294 2.3497118464749244815 
0.0329905087435529640 2.2969867004667454680 
0.0511490218817712977 2.2368437045753783998 
0.0665303506576738757 2.1547121679962608631 
0.0995208594012268466 2.1438585422181062334 
0.1234778893398846417 1.8917248367692136579 
0.2501907406842249770 1.8034836464894627994 
0.2503738517410809550 1.7381096842185608242 
0.2509231849116488888 1.6831230756586450514 
0.2526627399517807349 1.5854576828346562678 
0.6052125614185003277 1.4720469622243332886 
0.6212347788933988424 1.3831245708652322168 
0.6278267769402142706 1.3310884787222188041 
0.6317331461531419112 1.0295857595081097102 
0.6589556566057314102 0.9875071083203037503 
0.6628620258186590508 0.9805429886368174364 
0.8050782799768059217 0.9779499499276945729 
0.8070314645832697975 0.9632486672802614835 
0.8125858333079012397 0.9575035494570240946 
0.8126163518173772360 0.9386778590399250666 
0.8203680532242805246 0.7517906440751120911 
0.8204290902432325172 0.7055492760634485272 
0.8206122013000884952 0.6868927391837991170 
0.8282723471785637948 0.6460996196181524320 
0.8321787163914914354 0.6318864560835897315 
0.8361461226233710686 0.5268745830288791287 
0.8384960478530228967 0.4180199751565826793 
0.8437757499923703719 0.4161681325405223730 
0.8441419721060823278 0.3798652541534258131 
0.8458815271462142293 0.3771929177646138887 
0.8515884884182256531 0.2595897559872724081 
