0. 3.3702873896466480907 
0.00003051850947599719 3.3258545681081126411 
0.00006103701895199438 2.9277365029111379613 
0.0005798516800439466 2.8323419110285947831 
0.0078127384258552812 2.8279494961165503319 
0.0079348124637592700 2.7124655675996773851 
0.0083010345774712363 2.6722937304099163569 
0.0084231086153752251 2.6692845251912422633 
0.0318002868739890726 2.4870415005724657576 
0.0631733146153141828 2.4422253823818929064 
0.0704977568895535089 2.4223376029987964131 
0.0982390820032349593 2.3693297247320446175 
0.1253395184179204591 2.3444800989129039870 
0.1881771294289986962 2.2559084466925627410 
0.2188787499618518595 2.0015563591340685967 
0.2267525254066591334 1.9396537213376978670 
0.2521439252906887973 1.9175929067275101492 
0.2526627399517807349 1.8866484413799484709 
0.2536393322550126728 1.8726339701482743738 
0.2565691091647083755 1.7723559380295821342 
0.2638630329294717192 1.7116922836756931492 
0.4689474166081728512 1.6140735296626811390 
0.6206549272133549122 1.5409327544567070767 
0.6214484084597308167 1.5207567197922735591 
0.6224555192724386954 1.3752629905679647493 
0.7984557634205144971 1.3496979296472271237 
0.8050477614673299254 1.3486412733579313805 
0.8052308725241859033 1.2151107740705375804 
0.8106326487014374749 1.1554393315710387302 
0.8122501297036652801 1.1240860628318760650 
0.8166142765587328656 0.9979753730948129897 
0.8242744224372081652 0.8241286441736954682 
0.8291573839533676882 0.7912406575205719328 
0.8354747154148991495 0.5802882236673572169 
0.8604693746757408057 0.5633157246705782217 
0.8609576708273567469 0.5258975521826204647 
