0. 3.0047819347261697231 
0.00006103701895199438 2.9860700837454485779 
0.0001220740379039888 2.8846314160658157455 
0.0002441480758079775 2.8682713765849618959 
0.0002746665852839747 2.7388416550826910623 
0.0003357036042359691 2.7162643359972920010 
0.0012207403790398877 2.4442896985651980657 
0.0210577715384380644 2.2694327193667946929 
0.0523087252418591858 2.2064855362246564852 
0.1259498886074404134 2.1106284603116840515 
0.2190923795281838338 1.9813192915117650017 
0.2424390392773216885 1.9031952634413051850 
0.4377574999237037190 1.6102214019841145642 
0.4446241645558031141 1.5116186416391850233 
0.5942564165166173140 1.4788614147874838967 
0.6094546342356639279 1.3257030008363779316 
0.6104312265388958103 1.3074916009793760008 
0.6274300363170263184 1.2650822153714813556 
0.6276741843928342890 1.0275822778008711911 
0.6432996612445448514 0.9343683065521116715 
0.6548966948454237880 0.9191715155763201528 
0.8132877590258491551 0.8914132478359415579 
0.8206122013000884952 0.8651825112124584827 
0.8207342753379924805 0.6999270220688318389 
0.8282418286690877984 0.6700300870392266184 
0.8282723471785637948 0.6261819802840947746 
0.8285775322733237580 0.6097411024677001912 
0.8321787163914914354 0.5731448086167107991 
0.8354747154148991495 0.4074520407155151624 
0.8577227088229011365 0.3793652499500845820 
