0. 3.0315382486374535809 
0.00003051850947599719 2.9612015869290093661 
0.00006103701895199438 2.8498344693816082263 
0.0001831110568559831 2.7957728695064165691 
0.0002136295663319803 2.7826268438204939670 
0.0157170323801385549 2.2709006006901444330 
0.2500076296273689991 1.9495772971457658862 
0.2588579973754082109 1.8386600254215996752 
0.2638630329294717192 1.7419636911481639618 
0.6250801110873744903 1.1972853190113450505 
0.8129520554216131956 1.1113008397319099618 
0.8130130924405651882 1.0197308257956654298 
0.8130741294595171809 1.0068599751824121036 
0.8185674611651967414 0.9956506310734352105 
0.8188726462599567046 0.8968254257157352027 
0.8191167943357646752 0.8459013575776704874 
0.8226874599444563563 0.8408783760595636147 
0.8285775322733237580 0.6049035013348849077 
0.8310800500503555677 0.5148243596938884004 
0.8362376781517990576 0.4928672542251292810 
0.8402661214026306835 0.4605276868902899445 
