0. 3.0001599590841503407 
0.0000915555284279916 2.8377305396706975493 
0.0001525925473799860 2.7407388180470642069 
0.0011291848506118961 2.6980558155387042163 
0.0030823694570757164 2.6639995506603901809 
0.0040894802697836238 2.6030587213709535099 
0.0157780693990905475 2.5213320154843028575 
0.0409253212073122374 2.4403104753121582782 
0.0469069490646076837 2.3839476905041130372 
0.0514847254860072642 2.3136456516085774915 
0.1096224860377819216 2.2214209064061227750 
0.2399670400097659306 2.0682454081112946476 
0.2500076296273689991 1.8298332292655048459 
0.2500381481368449954 1.8272672335514559272 
0.2520523697622608084 1.6350288188501964637 
0.6076845606860561411 1.6164985374880240787 
0.6078066347239601264 1.5214253241940065564 
0.6130558183538316053 1.4985979443437511538 
0.6942350535599841610 1.4426971124887915110 
0.7942136906033508970 1.3691262430292507890 
0.7953123569444868757 1.3418912572254839688 
0.8005615405743583546 1.1786474826315451736 
0.8059327982421338188 1.1515446444168266904 
0.8069093905453658122 1.1225545505905671906 
0.8078859828485976946 1.1064566464615601671 
0.8126163518173772360 0.9991579773542380582 
0.8133793145542771441 0.9781866483345088570 
0.8139591662343210743 0.9510257064278655470 
0.8151188695944090456 0.9069555405768809919 
0.8153324991607410199 0.8168599636681621590 
0.8241523483993041799 0.7740625336133045709 
0.8264412366100040153 0.6866193793923410782 
0.8323007904293954207 0.6396071718215731172 
0.8358409375286111054 0.5329202818442815293 
0.8418530838953826034 0.3057512155309590751 
0.8578142643513291254 0.3029461947905700003 
