0. 2.7220268920686598868 
0.0001220740379039888 2.6570347946224766034 
0.0032959990234076968 2.5317208633292871411 
0.0625629444257942424 2.4221703149788189613 
0.0630512405774101975 2.3857550141623309337 
0.2011780144657734915 2.3812033091789963635 
0.2032532731101412971 2.2856374452171475120 
0.2501297036652729844 2.2514678783881567625 
0.2501907406842249770 1.9096270114924918104 
0.2504654072695089439 1.8776654199619764451 
0.2531510361033967316 1.7870092379434912022 
0.2533646656697287058 1.6298330248995158698 
0.4398022400585955283 1.3056570302106400572 
0.6572771385845515013 1.2161775758999282537 
0.8100527970213934337 1.1658368472279854178 
0.8120059816278573095 1.1488183341661561965 
0.8128299813837092103 1.0886626037176547754 
0.8129520554216131956 0.9293830449995107434 
0.8148136844996490824 0.9117505089143043140 
0.8159123508407849501 0.8667755563053594070 
0.8174993133335367590 0.8549473620028232856 
0.8177434614093447296 0.8074988759163289620 
0.8266548661763359895 0.7125290078383678116 
0.8287301248207037396 0.7121069430525740485 
0.8303170873134556595 0.5386306614316914709 
0.8402050843836786909 0.4030349740542122916 
