0. 3.4562580308405324025 
0.00003051850947599719 3.1818561823468569649 
0.0001220740379039888 3.0721020825498981388 
0.0001525925473799860 2.9285279294494936941 
0.0004272591326639607 2.8523881807562374568 
0.0009155552842799158 2.7616505477785224798 
0.0101931821649830622 2.6983215516449554627 
0.0400097659230323199 2.6675169829635745344 
0.0489822077089754962 2.5543809293595542975 
0.1251564073610644812 2.5208262359230091398 
0.2146061586352122630 2.5048790415767960837 
0.2500381481368449954 2.4406089819114877848 
0.2500686666463209917 2.3703371664458372514 
0.2501297036652729844 2.0127957928041140256 
0.2501602221747489807 1.7550660734896565973 
0.4296090578936124782 1.6913666958442448163 
0.6137577440717795207 1.5843995287393874971 
0.6298104800561540317 1.2223717340149971022 
0.8102359080782494116 1.0851711252323665846 
0.8123111667226172727 1.0672410281547823896 
0.8126773888363292286 1.0290978925418954315 
0.8201849421674245466 0.9873562086991591880 
0.8204901272621845099 0.7612503412109122847 
0.8220465712454603224 0.6817045375533210549 
0.8325144199957273949 0.6650352961506181826 
0.8358104190191351090 0.6489809856899920737 
0.8358714560380871017 0.6327632600559841558 
0.8360545670949430796 0.6262075630912251611 
0.8377941221350748702 0.5781569301031934671 
0.8415784173100985255 0.5468387360181418133 
0.8533280434583574436 0.5100880656401461932 
