0. 2.8361934789311780136 
0.0001831110568559831 2.7974425276458831924 
0.0007629627368999298 2.6838939031582449424 
0.0079348124637592700 2.6404540849816506842 
0.0098879970702230903 2.5295208286296881894 
0.0165105136265144801 2.5082274187444522084 
0.0457472457045197886 2.4654523559815100242 
0.0634174626911221673 2.3374439185332396285 
0.0675984984893337748 2.3322836011082808127 
0.2500076296273689991 1.9700414447399483553 
0.2502822962126529660 1.8459839404321454204 
0.4397412030396435356 1.5463857511583496418 
0.5976744895779290134 1.5330047182053756494 
0.6263008514664143433 1.2879645791514955366 
0.8125553147984252433 1.1121744303482203886 
0.8125858333079012397 1.0863355620802113144 
0.8126163518173772360 1.0124914893086780498 
0.8127994628742332139 1.0082329503842639706 
0.8131046479689931772 0.9626692836435049028 
0.8137150181585131037 0.9229013620454149525 
0.8152409436323130309 0.8906741641712337953 
0.8153019806512650236 0.7715503321009609117 
0.8154240546891690089 0.7249764717751611132 
0.8293404950102236661 0.6825197317895215221 
0.8306833094271676154 0.6540035722167093501 
0.8308053834650716007 0.6382304888847510904 
0.8311105685598315640 0.6169075313576856123 
0.8438367870113223645 0.4658815968212808856 
0.8440504165776543388 0.4089991585289767806 
0.8450880458998382139 0.3547773724580057797 
0.8528702658162174988 0.3173933534743338947 
