0. 3.3379903877218781716 
0.00003051850947599719 3.1505643529217373100 
0.0002136295663319803 2.9378907223382815239 
0.0003357036042359691 2.9276653364374101152 
0.0004272591326639607 2.7893000007277297669 
0.0010376293221839045 2.6162537061010779915 
0.0010681478316599017 2.5497300355219882917 
0.0013733329264198736 2.5326575629776022502 
0.0018616290780358287 2.3801077174421889637 
0.0033570360423596911 2.2375647617037870418 
0.0323191015350810240 2.2120389034231351388 
0.0697347941526535869 2.1875612532815780220 
0.0716269417401654146 2.1660105151690762781 
0.0813318277535325235 2.0387659543637584036 
0.0990936002685628842 2.0336901589321962902 
0.1010467848750267045 1.9953299345550021826 
0.2169255653553880392 1.9458314128302962587 
0.2217474898525955973 1.7849102101493612427 
0.2259895626697591975 1.4992705435162849703 
0.5012665181432538475 1.4225848341126972052 
0.5958128604998932376 1.4183215601087870716 
0.6094546342356639279 1.3262989249825511973 
0.6338084047975096613 1.2542238289346279156 
0.6381115146336252542 1.0649428228884196823 
0.6586809900204474433 1.0566521686977479177 
0.8125553147984252433 0.7941672090644993354 
0.8125858333079012397 0.6805497515850599255 
0.8155156102175969979 0.6517083049610636891 
0.8233283486434522791 0.6090127604035439068 
0.8303781243324076522 0.5059903981420590391 
0.8310800500503555677 0.4323396370229802832 
0.8437757499923703719 0.4148580823340531354 
0.8438367870113223645 0.2714118046246791760 
