0. 2.8265706771846779155 
0.0003051850947599719 2.7661897030732434111 
0.0003357036042359691 2.7433252261773888314 
0.0020142216254158147 2.5432608394637652438 
0.0100405896176030771 2.5079186307827532332 
0.0313425092318491139 2.3738339442902942622 
0.0322885830256050277 2.3210907511131089187 
0.0712912381359294411 2.2046305310455216464 
0.2500991851557969881 2.1122978631865083621 
0.2510452589495529296 2.0923969384860781062 
0.2519608142338328194 1.9215930131301393047 
0.2520218512527848120 1.9034330561559873463 
0.2522659993285927826 1.6959333595308672127 
0.6116519669179357743 1.6379047109268269899 
0.6196478164006470335 1.5622751602407281002 
0.6235541856135746741 1.4693843655547385030 
0.6406445509201330601 1.3711676308110949396 
0.6414075136570329683 1.2546157681492038360 
0.8125247962889492470 1.1768681895947694649 
0.8126163518173772360 1.1513962591223374510 
0.8127079073458052250 1.0970370832029774366 
0.8129520554216131956 1.0713562166186720859 
0.8130741294595171809 0.8718345094236081838 
0.8131962034974211662 0.7152840390907541090 
0.8261665700247199373 0.6647757349487167788 
0.8302865688039796632 0.6646739848031779640 
0.8329416791283913435 0.6607345508435827908 
0.8344065675832392781 0.6517733989295970698 
0.8442640461439863131 0.6183450059360355855 
0.8442945646534623094 0.6122500924916107756 
0.8443250831629383057 0.5893392188142649868 
0.8459120456556902257 0.4799762312216564464 
0.8595843379009369123 0.3930344991997654081 
0.8617816705832087587 0.3071472907871626856 
