0. 2.8013013513385516262 
0.0000915555284279916 2.7678995899176954687 
0.0001831110568559831 2.5142534935363975990 
0.0108645893734550004 2.3994604971321211728 
0.0240180669576097912 2.3078711846037784916 
0.0626850184636982277 2.1665401511595883122 
0.1490218817712943011 2.1497851291995413447 
0.2055116428113650806 2.1177606220413043303 
0.2501907406842249770 1.8880117480923173101 
0.2511673329874569149 1.7526639853726739826 
0.5784478286080507736 1.6853829564331264113 
0.5940733054597613361 1.6043472267178384705 
0.6031067842646564703 1.5660185928788561416 
0.6291695913571581089 1.4903467706375896906 
0.6412244026001769903 1.1879999567139634120 
0.6438795129245887816 0.9086538294560956297 
0.8125858333079012397 0.8775136489993746736 
0.8126163518173772360 0.8621595771229350058 
0.8140507217627490633 0.7706100631507960541 
0.8174382763145847663 0.7563537576899871384 
0.8256172368541520035 0.6638750888256751415 
0.8289437543870357139 0.6203479228013539792 
0.8290658284249396992 0.6077737717141413754 
0.8328501235999633545 0.5150666902956247961 
0.8332773827326273031 0.5126247443332079268 
0.8355357524338511421 0.5070047853124979298 
0.8438367870113223645 0.4058468459742697321 
0.8438978240302743572 0.2392763304913402000 
