0. 3.2141820565897356587 
0.00003051850947599719 2.8171221281917522283 
0.0001220740379039888 2.6738179080722921377 
0.0008545182653279214 2.5559943183607645167 
0.0082705160679952400 2.5280504964377854549 
0.0158085879085665473 2.5134864491038952927 
0.0243537705618457612 2.4756005822773543556 
0.0314035462508011134 2.3021507205042683886 
0.1349528489028595790 2.2761491383580789716 
0.1388592181157872196 2.2758053570302014812 
0.1876583147679067309 2.0125471727150396894 
0.2500076296273689991 1.8362246485764082138 
0.2503738517410809550 1.5629470602319248673 
0.6096072267830439095 1.3613413852143023686 
0.6251411481063264830 1.1543237928218612609 
0.6256294442579424242 1.1393631955744474293 
0.6390881069368572476 1.1224962313075186326 
0.6506241035187841915 0.9535321884337479847 
0.8174687948240607627 0.8967080343036555323 
0.8175908688619647480 0.8665347629719255540 
0.8237556077761162276 0.6820864869744056591 
0.8283333841975157874 0.5929208712645123169 
0.8326670125431073766 0.3634451874291652063 
