0. 2.6287633794724083458 
0.0021973326822717978 2.6269004868059107061 
0.0201422162541581469 2.6265991086299154134 
0.0202032532731101430 2.5555597490524255555 
0.0332956938383129342 2.5473806461054024908 
0.0411999877925962113 2.3730572370614289035 
0.0640888698995941003 2.2157541328829988281 
0.1452070680867946495 2.2083146183553536979 
0.2500076296273689991 1.6536607500130311443 
0.4630268257698293977 1.6223034100074866792 
0.5006256294442579247 1.5289212893067845034 
0.6252632221442304683 1.5041546664044558312 
0.6329538865321817642 1.2101367925549646465 
0.8125247962889492470 0.9228419804509147006 
0.8153935361796930126 0.9150742941409676368 
0.8203680532242805246 0.8217238843042216079 
0.8223212378307444004 0.7598172135905147950 
0.8281502731406598095 0.6819772550095606345 
0.8286385692922757507 0.5778716352530155476 
0.8321787163914914354 0.5472597761090013391 
0.8359630115665150907 0.4711368774389076419 
0.8440198980681783425 0.4352150149294147230 
0.8463393047883541742 0.4151924215328526291 
0.8521683400982695833 0.3534092067219797295 
