0. 3.6737087250313864573 
0.00003051850947599719 3.4224014929909127858 
0.0001220740379039888 3.0618203121765801278 
0.0005493331705679495 3.0307690640384334912 
0.0025330362865077670 2.8968511682091770965 
0.0036011841181676687 2.8771780224580405516 
0.0098879970702230903 2.7558529389256345432 
0.0107425153355510117 2.6537256755908398276 
0.0108645893734550004 2.5586652804602549871 
0.0134586626789147627 2.5236948026403007717 
0.0285958433790093683 2.4441342808339663328 
0.0644550920133060701 2.4038028722897140099 
0.0749229407635731009 2.2000303209721816522 
0.2129276406140324096 2.1361851930495112661 
0.2403942991424298792 1.8805997641588063640 
0.2520828882717368047 1.8731455096326157239 
0.2614825891903439503 1.8081145394389621650 
0.2620929593798638768 1.5318086359947820085 
0.4394665364543595687 1.4810353582528510419 
0.6126285592211676567 1.4537203637125961642 
0.6375621814630573203 1.4302964967848941225 
0.8057496871852778408 1.2996436923865959390 
0.8078859828485976946 1.2881234273805954871 
0.8083742790002136358 1.2626530680606287138 
0.8125553147984252433 1.2487657583229270219 
0.8142338328196050412 1.1362147650323954906 
0.8144779808954131228 0.9430376490810953305 
0.8210699789422284400 0.8337759917871486737 
0.8272041993469039234 0.7785016650936857907 
0.8274483474227118940 0.7533753814331650700 
0.8337656788842432443 0.7399688979193114191 
0.8338267159031952369 0.7097526286415037910 
0.8366954557939390025 0.5849273153505366585 
0.8457594531083102440 0.5828341022730902932 
0.8493911557359538067 0.5622167822775049339 
0.8497573778496658736 0.5094545712256211001 
0.8631244850001525970 0.2952918744548381769 
