0. 3.1784375154565727151 
0.00003051850947599719 2.8047257274191408349 
0.0000915555284279916 2.5761374892855957164 
0.0162053285317545100 2.3094598718709922203 
0.0635700552385021489 2.2588045733063579767 
0.0752281258583330781 2.2461519515241188394 
0.2316354869228186841 2.2265652766208487989 
0.2439039277321695676 1.9050391450231645152 
0.2500381481368449954 1.7440331033135720862 
0.5000762962736899908 1.3164235936074502042 
0.6267586291085542882 1.2129411224547719250 
0.8125858333079012397 1.1241794426680604690 
0.8126163518173772360 1.1160166259097019648 
0.8127079073458052250 1.0640788642416756371 
0.8153324991607410199 0.9859116973120066740 
0.8164922025208288803 0.8394581110571511795 
0.8217413861507003592 0.7974142927179440621 
0.8279976805932798278 0.7269013545450798697 
0.8282418286690877984 0.6395310531166393808 
0.8323007904293954207 0.5452862427768352393 
0.8325449385052033913 0.5116132649055610271 
0.8411206396679585806 0.5101599047292814104 
0.8445387127292702800 0.4877601816303361315 
0.8461561937314981963 0.4489639732698947339 
0.8714560380870998157 0.4142894598500087011 
