0. 3.0441539690373935478 
0.0004882961516159551 3.0114458260415934987 
0.0009765923032319101 2.9832451389841239120 
0.0019837031159398175 2.8167400783604041869 
0.0217596972563859972 2.6473965472520544218 
0.0629902035584582049 2.5991076146360647670 
0.0639667958616901150 2.4080959290894385916 
0.2517777031769768414 2.3993537979905612545 
0.2519913327433088157 2.3791077274409810904 
0.2540360728782006250 2.3386481486276791131 
0.2563859981078523975 1.8869623171731935152 
0.2609027375103000201 1.7618265730524889090 
0.6004821924497207863 1.6800741788798811971 
0.6187322611163670327 1.5785384011150920269 
0.6187932981353190254 1.4588254720016007315 
0.8053224280526138923 1.3607753329420289035 
0.8062990203558457747 1.3171062886165714190 
0.8102053895687734153 1.2501210453204185669 
0.8130436109500411845 1.0987962860847069191 
0.8133793145542771441 1.0350278769458218786 
0.8181707205420086781 0.9944810727264467021 
0.8298593096713156036 0.7919906620828864874 
0.8298898281807916000 0.6659199336114445256 
0.8376720480971708849 0.6203595922470543922 
0.8413953062532425475 0.3595155314244454226 
