0. 2.8819775573195487439 
0.00003051850947599719 2.7791387914602019293 
0.0000915555284279916 2.6845572015326171211 
0.0003967406231879635 2.6292126456507856069 
0.0011597033600878933 2.4319578174029929940 
0.0041810357982116153 2.3890982770611568497 
0.0082094790490432456 2.3830951923927576885 
0.0626544999542222314 2.3083708190332488108 
0.1252479628894924701 2.2766020541009699407 
0.1255836664937284575 2.1122442895072204294 
0.2500991851557969881 2.0359968069630092202 
0.2502212591937009734 1.9481992585472851509 
0.2515030365916928745 1.8497995961670350429 
0.4382457960753196602 1.5013071417778851568 
0.6250495925778984940 1.1769170372921227141 
0.6250801110873744903 1.1146810474623498610 
0.6251106295968504867 1.0536668061927372264 
0.6252937406537064646 0.9767576772463381074 
0.6259041108432263911 0.9736494767647121407 
0.6296884060182500464 0.8978527561241915755 
0.6334727011932737017 0.7288349619462746176 
0.6565446943571275895 0.7116653835617091639 
0.8450270088808862212 0.6104208071126046020 
0.8451490829187902065 0.5924953026642080234 
0.8529618213446454877 0.5010919845622467950 
0.8751182592242194858 0.3437373220592479517 
