0. 3.0162137474309198559 
0.00006103701895199438 2.9754767676104338925 
0.0001831110568559831 2.8325435429172634016 
0.0004882961516159551 2.6607631530580895252 
0.0041199987792596210 2.5033949285112040428 
0.0549333170567949461 2.4572046749447054026 
0.0626850184636982277 2.4225332773242373996 
0.1875057222205267493 2.3867328578875341982 
0.2031311990722373117 2.3596208223173884555 
0.2501907406842249770 2.1403401554496954695 
0.2502212591937009734 1.9769751504725703306 
0.2519302957243568231 1.9650242806778335236 
0.2580339976195562546 1.8680710503529189825 
0.2734458449049348427 1.7925430985656551908 
0.5000762962736899908 1.5537743593811341736 
0.6193426313058870702 1.3770074904737330534 
0.6603900265511032375 1.3338032108906723305 
0.8057191686758018445 1.3221031676992174297 
0.8096255378887294851 1.1026325705466448745 
0.8129215369121371992 0.9676737773483375937 
0.8165837580492568692 0.7955839040416182728 
0.8301644947660756779 0.7624400580096371005 
0.8378856776635028591 0.7441613725084650355 
0.8456984160893581404 0.6076538673491481690 
