0. 3.2147976885912337153 
0.00006103701895199438 2.9644677018811065317 
0.0002441480758079775 2.8091700900777638594 
0.0025025177770317698 2.7867035724983213463 
0.0133060701315347758 2.7583746443315613206 
0.0317392498550370800 2.7293919260730064025 
0.0332041383098849452 2.5182345030951944764 
0.0336619159520249039 2.5168804738260570630 
0.1269569994201483198 2.3514707221943416116 
0.1582079531235694447 2.3391819332209493609 
0.1882076479384746925 2.2491989454621177380 
0.2501602221747489807 2.0678035093363371644 
0.2501907406842249770 1.9149723559984355159 
0.4391003143406476128 1.6472340586450073818 
0.6100344859157078581 1.6326310402536805544 
0.6131168553727835979 1.4817926160849450579 
0.6135441145054475465 1.3177342838568055772 
0.6269722586748863735 1.0022188249352519396 
0.8138676107058930853 1.0010850625160097049 
0.8141422772911770522 0.9797190802543245258 
0.8158207953123569611 0.9247822468702391330 
0.8221686452833643077 0.8054571230705047657 
0.8292794579912716735 0.7862900168768883757 
0.8297982726523636110 0.6976148653237336239 
0.8441724906155583241 0.5743079566667332880 
0.8448744163335062396 0.4381910593633730477 
0.8451490829187902065 0.4262083382906127205 
0.8459120456556902257 0.3192845336198806283 
