0. 3.1658217950566327481 
0.00003051850947599719 2.8379814664867328844 
0.0002746665852839747 2.8052645148690151799 
0.0011291848506118961 2.5907469999362220392 
0.0053102206488235115 2.5454816577038892333 
0.0312814722128971212 2.4793246799777883815 
0.0636310922574541416 2.3375457590619839188 
0.2187566759239478742 2.3041336969830994441 
0.2187871944334238705 2.1103399207648716462 
0.2500381481368449954 1.8900456040634778798 
0.2501602221747489807 1.8199919721903214942 
0.2609332560197760165 1.7498561288379408385 
0.6128116702780236347 0.9738531541401997948 
0.8149662770470290640 0.9254709062788931684 
0.8237556077761162276 0.7839916899709157283 
0.8237861262855922240 0.7706059793272956870 
0.8305917538987396265 0.7409027308860581806 
0.8306527909176916191 0.7091493278718503657 
0.8322702719199194243 0.7023860917273562210 
0.8340403454695273222 0.6539790294995767583 
0.8341929380169073038 0.5054867541997328795 
0.8355967894528031348 0.2750755518222297025 
