0. 1.5814881035692978095 
0.0002441480758079775 1.5561795302552297038 
0.0003051850947599719 1.4538018787703628210 
0.0090334788048951689 1.3548214119586217130 
0.0244453260902737501 1.2779454682942315014 
0.0247199926755577275 1.2549916920440613577 
0.0354319895016327394 1.2428500907663688757 
0.0432752464369640169 1.2149365504600484478 
0.0515152439954832605 1.1961304171948583530 
0.0625629444257942424 1.1725167058892669303 
0.0630512405774101975 1.1712694967250751876 
0.0639973143711661113 1.1548931481365165563 
0.0657063509018219610 1.1535057328409283883 
0.0677205725272377740 1.1417129963063943343 
0.1875057222205267493 1.1400524071720419261 
0.1875667592394787420 1.1134762985248403133 
0.1885128330332346558 1.1134212805490106835 
0.1885433515427106521 1.1075961828140967746 
0.1887264625995666301 1.0722390950689606459 
0.1953184606463820305 1.0591779103227294545 
0.2037110507522812697 1.0294507698226988968 
0.2042298654133732072 1.0173129850522315554 
0.2046266060365611872 0.9329692518342780350 
0.2192449720755638431 0.8870685743587828353 
0.2198248237556077733 0.8306702911666374867 
0.2231513412884914838 0.7905044665652721791 
0.2270577105014191244 0.7686528432918128262 
0.2348704489272744056 0.7644745425535034444 
0.2349620044557023946 0.7538004494294692215 
0.2359385967589343047 0.7433375178886825196 
0.2374034852137821561 0.7131163071539386999 
0.4104739524521622274 0.6804887768120041480 
0.4105044709616382237 0.6058499895976581229 
0.4219489120151371786 0.4719469509175209243 
0.4301889095736564084 0.4346031024616655025 
0.4336069826349681078 0.4342709777828073214 
0.4375133518478957484 0.2715053492342497932 
0.4376354258857997337 0.2581722101471296549 
0.4547563097018341716 0.2328779321793988111 
0.6407666249580370454 0.1765568034045194579 
0.8125553147984252433 0.1739414391733743737 
0.8132877590258491551 0.1041119355336866115 
0.8135013885921811294 0.0874745544203184844 
0.8136539811395611110 0.0390712461460718877 
0.8164922025208288803 0.0239851803495209036 
0.8179265724662007075 -0.0023147219458304839 
0.8215582750938443812 -0.0559454934950189345 
0.8218329416791283482 -0.0608976890965023457 
0.8247322000793481100 -0.0989386599711075954 
0.8252510147404400476 -0.2300189649970312833 
0.8291573839533676882 -0.2619264303729594845 
0.8330332346568193325 -0.2779790156244933419 
0.8330637531662953288 -0.3309758525912707694 
0.8354747154148991495 -0.3330400326069388184 
0.8408764915921506100 -0.4057647978024194191 
0.8424329355754265336 -0.4244754745646551752 
0.8486587115085298949 -0.4335350352359251813 
0.8486892300180058912 -0.4390700473747024546 
0.8489028595843378655 -0.4558676640933135293 
