0. 1.5645913729435525497 
0.00003051850947599719 1.5276673006847829583 
0.0001220740379039888 1.4883319130025658428 
0.0078127384258552812 1.3961255840005180051 
0.0161442915128025138 1.3676463935833815810 
0.0285348063600573756 1.3033213902828104658 
0.0312509537034211249 1.2924160089685381436 
0.0323496200445570273 1.1914675899872475551 
0.0469069490646076837 1.1398096449858692303 
0.0626850184636982277 1.1133178261363316785 
0.0636616107669301379 1.0901181118751082089 
0.1222876674703207434 1.0887412795174247204 
0.1876888332773827273 1.0365870813912714254 
0.1885738700521866484 1.0073367007560112274 
0.2126224555192724464 0.9833085925563556096 
0.2142094180120242830 0.8946340658739954099 
0.2181157872249519236 0.8545879847351421921 
0.2187566759239478742 0.8502942444425954926 
0.2189092684713278558 0.7931967429844442030 
0.2228156376842554964 0.7314235316900055128 
0.2343821527756584366 0.7124738585927543610 
0.2500076296273689991 0.6604459223962436676 
0.2500686666463209917 0.6170763075606240378 
0.2509231849116488888 0.6162600120336814147 
0.4123050630207220624 0.6087021364208506924 
0.4124271370586260477 0.5858168684996066799 
0.4228949858088931202 0.5792163791446143239 
0.4375133518478957484 0.4237620224377163236 
0.4375438703573717447 0.3695084093831825234 
0.4375743888668477410 0.3246672825343766000 
0.4376659443952757300 0.2560996057861967823 
0.4391918698690756018 0.2468469185405639810 
0.4532914212469862925 0.2328199012691424541 
0.4541459395123142451 0.1792028823172059082 
0.6250190740684224977 0.1028600114089933265 
0.6318552201910458965 0.0814390542721670357 
0.6333201086458937201 -0.0226149681315021174 
0.6413159581286049793 -0.0723832654996901387 
0.6425977355265969360 -0.0834818183195470409 
0.6487014374217963120 -0.0959034209688406081 
0.8437757499923703719 -0.3989318336756546013 
0.8438367870113223645 -0.4543416774310219952 
