0. 1.4708258834845402418 
0.0080568865016632588 1.3709771246112332221 
0.0156254768517105624 1.2882582905888240177 
0.0312509537034211249 1.2519936877929145336 
0.0312814722128971212 1.2438430108697826615 
0.0332956938383129342 1.1823381062056799173 
0.0393383587145603800 1.1724328891276718512 
0.0625019074068422498 1.1455059209357045802 
0.0637226477858821444 1.1350117987647592166 
0.0710470900601214705 1.0396745433777030421 
0.0938749351481673600 1.0354502826535816329 
0.1914120914334543899 0.8878321291540827165 
0.2187566759239478742 0.8516717592633956668 
0.2191839350566118227 0.8111767119367513379 
0.2208014160588396835 0.7427062500174165249 
0.2500076296273689991 0.6911266101680895169 
0.2504959257789849403 0.6524975977924816206 
0.4218878749961851859 0.5089565085818759105 
0.4375133518478957484 0.3525203552568964560 
0.4375438703573717447 0.3291788430381349384 
0.4375743888668477410 0.3093707907998445306 
0.4388256477553636459 0.2666197087341686256 
0.4689474166081728512 0.2604294113618167983 
0.6250190740684224977 0.0251769515781993941 
0.6250495925778984940 0.0004010167825295533 
0.6375316629535813240 -0.0498415087514750416 
0.6376537369914853093 -0.1097603896947879493 
0.6562700277718436226 -0.1489223155486449068 
0.8261970885341960447 -0.1675079857876340117 
0.8270821253089999381 -0.2069754934050688500 
0.8288827173680837212 -0.2273748414390564243 
0.8321176793725394427 -0.3684565538037509191 
0.8418530838953826034 -0.3918948992015077182 
0.8420056764427625850 -0.4157725966005952345 
0.8429822687459944674 -0.4564922136104732075 
