0. 1.4605874497365409770 
0.0019531846064638203 1.4206132988313069365 
0.0045167394024475845 1.4025314850929484489 
0.0080874050111392568 1.3877686594015377075 
0.0156254768517105624 1.3848722658607333091 
0.0176396984771263789 1.3562219607423016132 
0.0195318460646382031 1.3398457086280772810 
0.0205694753868221093 1.3343262108574220903 
0.0234687337870418400 1.3317876949969853495 
0.0244148075807977538 1.3283839081220520928 
0.0312509537034211249 1.2656415161635348188 
0.0317392498550370800 1.2552502442625668166 
0.0390636921292764061 1.1685191737153861613 
0.0625019074068422498 1.1087801060739019832 
0.0860011597033600861 1.0758306096229048876 
0.1875057222205267493 1.0445029305848763101 
0.1884823145237586595 0.9635799574921888322 
0.1958677938169499921 0.9359845773030995852 
0.2109439374980925930 0.9246944008831138317 
0.2110660115359965783 0.8505704028909742975 
0.2152775658436841821 0.8129554774583639398 
0.2187566759239478742 0.7801014694316469322 
0.2265694143498031554 0.7732826780846026038 
0.2344126712851344330 0.7105601332769118095 
0.2345042268135624219 0.6532389424004508838 
0.2423169652394177032 0.6406044216509702016 
0.2501297036652729844 0.6080350647604382264 
0.4218878749961851859 0.3569959708264384135 
0.4375133518478957484 0.2948915363705206238 
0.4380321665089876859 0.2864241503033856384 
0.4414502395702993853 0.1768520484658795133 
0.4611346781823175700 0.1721819867244933355 
0.6251106295968504867 0.1198106960107891139 
0.6330759605700857495 0.0588124109368848985 
0.6331064790795617458 -0.0388360137281905798 
0.6406445509201330601 -0.0425220300840315965 
0.6413769951475569719 -0.0608160793616674897 
0.6465651417584765692 -0.0742927413989950686 
0.6562700277718436226 -0.1353849771871044327 
0.6563005462813196189 -0.1721334207189075260 
0.8252204962309640512 -0.2232825421820062717 
0.8281502731406598095 -0.2940978096436070444 
0.8321176793725394427 -0.3020504226565077221 
0.8359630115665150907 -0.3823514018824868965 
0.8437757499923703719 -0.4002852638865854185 
0.8438062685018463682 -0.4652985140070853842 
0.8438978240302743572 -0.5018699270739911400 
0.8477126377147740088 -0.5186369578013070303 
0.8517105624561296384 -0.5464155856992953808 
