0. 1.3731582342621835302 
0.0019531846064638203 1.3614558452886940110 
0.0080874050111392568 1.3415267083231281475 
0.0169072542497024462 1.3330524040864746293 
0.0235602893154698324 1.2907203401126707831 
0.0238044373912778100 1.1884918480353179326 
0.0393383587145603800 1.1490118929838597506 
0.0557267983031708714 1.1436780582369201475 
0.0625019074068422498 0.9958895310415992741 
0.1875057222205267493 0.9865341881256022294 
0.1914120914334543899 0.9724608461660124714 
0.2031311990722373117 0.8996433791290103787 
0.2050843836787011321 0.8890474887045501928 
0.2187566759239478742 0.7797651629120839756 
0.2207098605304116945 0.7216821322761013402 
0.2207708975493636872 0.6786274731829342599 
0.2500076296273689991 0.6302694765975891400 
0.2519608142338328194 0.6260604529905677840 
0.2578203680532242803 0.6108212353753487145 
0.2579424420911282656 0.5875564856336690234 
0.4248176519058809442 0.5575584715667898372 
0.4297311319315164635 0.4733195575434356872 
0.4316537980285042875 0.4726231360484552946 
0.4326303903317362254 0.3635248331702233826 
0.4375438703573717447 0.2304143760820484277 
0.4459059419537949598 0.2057930290543515395 
0.6250190740684224977 0.0635612576257647277 
0.6270027771843623698 -0.0078757778535248468 
0.6328318124942777789 -0.0295649534700655262 
0.6336863307596056760 -0.0637180381009981173 
0.6347849971007416547 -0.0744728935459536556 
0.6406445509201330601 -0.0895790214862849099 
0.6425977355265969360 -0.1027817130146833763 
0.6487014374217963120 -0.1127869800812439927 
0.6493118076113162385 -0.1614275821238084774 
0.6567583239234595638 -0.1633801984225281556 
0.8328196050904873582 -0.1826026072664562738 
0.8331553086947233178 -0.2346847504126985118 
0.8331858272041993141 -0.2402766600528405405 
0.8335215308084352737 -0.2548142358056045831 
0.8336436048463392590 -0.3399676112165985198 
