0. 1.5375225074007383696 
0.0004882961516159551 1.4873149716698521594 
0.0005188146610919523 1.4619304767913101628 
0.0010986663411358989 1.4617184042869404426 
0.0020142216254158147 1.4488642780169480595 
0.0078127384258552812 1.4216943972563116372 
0.0081789605395672475 1.3835894900944643027 
0.0087893307290871914 1.3419840629229582429 
0.0281991027558214057 1.3110714724026384381 
0.0470290231025116759 1.2310199414924609673 
0.0471205786309396649 1.1594990249354011347 
0.0471816156498916575 1.1505694553166847527 
0.0628681295205542195 1.0826462584532030586 
0.0645161290322580627 1.0788662888149955776 
0.1953489791558580269 1.0595081186239581061 
0.2012085329752494878 1.0416834499552909410 
0.2049012726218451541 0.9903272400661020658 
0.2109744560075685893 0.9427703383589386421 
0.2110965300454725746 0.9261519468557498635 
0.2150028992584002152 0.8829293484509828094 
0.2205267494735557166 0.8273341812121479677 
0.2309640797143467650 0.7540291832109732306 
0.2500076296273689991 0.6397721371559348391 
0.4153263954588458096 0.6268761998259936297 
0.4309518723105563720 0.5573881679332167716 
0.4375133518478957484 0.3294030053389622181 
0.4611041596728415737 0.2805878776818090947 
0.6251411481063264830 0.2762322233291275020 
0.6252021851252784756 0.1863089459758721367 
0.6252632221442304683 0.0678200173530099371 
0.6261787774285103580 0.0600715863867464436 
0.6294442579424420758 0.0546560846683059182 
0.6351512192144536106 0.0185647754576614490 
0.6367687002166814159 0.0016983563784206720 
0.6368602557451094048 -0.0560741054924272439 
0.6485488448744163303 -0.0686992761071700403 
0.6496780297250281944 -0.0784899025015675933 
0.6516312143314920702 -0.0886696905704981025 
0.6565141758476515932 -0.1526909968786204497 
0.8753318887905514600 -0.2496158077116920060 
