0. 1.6971511497585354267 
0.00003051850947599719 1.5236131955561484919 
0.0013733329264198736 1.4366420957818886173 
0.0084231086153752251 1.4200224935772416401 
0.0191045869319742441 1.3580813598144250154 
0.0391857661671803983 1.3434425017223827758 
0.0393688772240363763 1.2856829831332130531 
0.0480056154057435860 1.2659179840003482731 
0.0625019074068422498 1.1038622372131652316 
0.1953489791558580269 1.0547681639377970431 
0.2034974211859492677 1.0210954941316638944 
0.2053590502639850990 0.9464881818561975413 
0.2130497146519363949 0.8990546719910408324 
0.2144230475783562850 0.8805824785676367172 
0.2249214148380992984 0.8804876916843538126 
0.2266304513687551481 0.8746792751726901738 
0.2268745994445631187 0.8686319121205725580 
0.2344126712851344330 0.7861183563981689604 
0.2456740012817774099 0.6627454655659107408 
0.4307687612537003940 0.5293038744243164784 
0.4375133518478957484 0.3250942638240137406 
0.4414197210608233890 0.3087310174448204547 
0.4458143864253669708 0.3086980233158064246 
0.4611346781823175700 0.2542695551282095900 
0.6251716666158024793 0.1760816166749157308 
0.6272774437696463368 0.0720249524646680711 
0.6311838129825739774 0.0301707462991492662 
0.6409192175054170271 -0.0933416514393739655 
0.8257087923825799924 -0.0939713525203809824 
0.8263496810815760263 -0.1021895767316001735 
0.8267159031952879822 -0.1175218455532880263 
0.8268074587237159712 -0.1474724852635624639 
0.8268379772331919675 -0.1535841096920198545 
0.8283333841975157874 -0.2134805830313151465 
0.8303476058229316559 -0.2690942087260864701 
0.8342539750358592965 -0.4122904793013155711 
0.8403881954405346688 -0.4461796634545295292 
