0. 1.5822552757557801772 
0.00003051850947599719 1.4818443375959731156 
0.0001525925473799860 1.4756043536354015444 
0.0020752586443678091 1.4374044981955464983 
0.0058900723288674581 1.3755740766598307800 
0.0312509537034211249 1.2945535305522253289 
0.0332956938383129342 1.1710195920933523794 
0.0644550920133060701 1.1083620999095893378 
0.1914120914334543899 1.0767171790950753607 
0.2031311990722373117 1.0530384770059624255 
0.2032227546006653007 1.0316909981430111287 
0.2070680867946409487 1.0090135090442917676 
0.2071291238135929413 0.9650071800484166795 
0.2149418622394482226 0.9496070060428249970 
0.2190008239997558448 0.9271858492229744231 
0.2192144535660878191 0.9202845666086429954 
0.2195806756797998027 0.9158007343668895794 
0.2203131199072237423 0.8709540204822694420 
0.2270882290108951207 0.8578988469751706036 
0.2343821527756584366 0.6697309353529896647 
0.2385326700643940479 0.6688148506554180139 
0.2464369640186773180 0.6464607966882930379 
0.4140751365703299047 0.6290024694269521488 
0.4141972106082338900 0.6039641702264852974 
0.4150517288735618426 0.5812017236999144076 
0.4181035798211615306 0.5005703113929784731 
0.4228644672994171239 0.5005643440821083701 
0.4297311319315164635 0.4716382517893578652 
0.4307077242347484014 0.4705013191954339757 
0.4308603167821283830 0.4645306412780813021 
0.4375438703573717447 0.3395971138045341120 
0.4377880184331797153 0.2819341214052637490 
0.4541154210028382487 0.2703413601211961947 
0.4609515671254615921 0.2663727674729559070 
0.6231574449903867219 0.2598902373166196433 
0.6241340372936186043 0.2451757426648451810 
0.6250495925778984940 0.1108023709188963590 
0.6251411481063264830 0.1072199511715530990 
0.6252937406537064646 0.1016541681117796164 
0.6308786278878140141 0.0006056017340682081 
0.6347849971007416547 -0.0143050289481968553 
0.6397289956358531704 -0.0249365150379887088 
0.6406445509201330601 -0.0320204378058464925 
0.6406750694296090565 -0.1088357036850349235 
0.6412854396191289830 -0.1225075680701147168 
0.6416516617328409389 -0.1331743447236549416 
0.8281502731406598095 -0.2638787219092832426 
0.8413342692342905549 -0.3342221675614651666 
0.8437757499923703719 -0.4330428755149074993 
0.8594012268440809343 -0.4359684024493182264 
0.8598895229956968755 -0.4680370389804905939 
