0. 1.6142018410027749731 
0.00003051850947599719 1.4598453447428603180 
0.0138248847926267290 1.3815167914394546056 
0.0322275460066530350 1.3160308488363399171 
0.0334482863856929227 1.3070372744506071339 
0.0354014709921567430 1.3055327397897584785 
0.0470290231025116759 1.2018723741544967698 
0.0490737632374034852 1.1704500695110762187 
0.1868343150120548024 1.1282601347578882223 
0.1869563890499587877 1.0528794359393387481 
0.1963255714590899370 1.0290635174064093338 
0.1995605334635456307 1.0179877816586095918 
0.2046571245460371835 0.9688420498409303638 
0.2168340098269600502 0.8824863690204780564 
0.2195501571703238064 0.8563292995197760993 
0.2246772667622913278 0.7684042096540327771 
0.2345042268135624219 0.7581139971863799509 
0.2354197820978423394 0.7502742742137138432 
0.2449110385448774740 0.6650197585765085240 
0.2483901486251411384 0.6272048559191111261 
0.4369640186773278145 0.4201298457875230485 
0.4375133518478957484 0.3860976965689287832 
0.4395275734733115613 0.3389280432112293240 
0.4400158696249275025 0.2925250294167873189 
0.4434339426862392020 0.2873865639357855994 
0.4453260902737510296 0.2172530197995509449 
0.6250190740684224977 0.2081852705528289271 
0.6250801110873744903 0.1115202485712564751 
0.6265755180516983103 0.0644571718933091009 
0.6328623310037537752 0.0614304538904773823 
0.6328928495132297716 0.0115063026814297871 
0.6367687002166814159 -0.0346699310907522054 
0.6399426252021851447 -0.0551722664736899460 
0.6406750694296090565 -0.0698818731187039882 
0.6484572893459883414 -0.1070307028596759746 
0.8377330851161228775 -0.1679236906603956692 
0.8396862697225867533 -0.1846383298968200803 
0.8437757499923703719 -0.3278510371076256980 
