0. 1.4703049640986569635 
0.0039063692129276406 1.4566830234461414228 
0.0117191076387829218 1.4448119838164719120 
0.0124820703756828525 1.4279915081057534820 
0.0125125888851588488 1.4178536237508037043 
0.0144352549821466728 1.4091913448563229139 
0.0240485854670857875 1.3681933004629762696 
0.0242927335428937651 1.3078740208848143034 
0.0265511032441175590 1.2993886684027093903 
0.0270393993957335141 1.2828593332907736180 
0.0312509537034211249 1.2653075087018750278 
0.0479750968962675897 1.2442436650514629992 
0.0625019074068422498 1.1951236302166714509 
0.0627460554826502343 1.1622339030875079580 
0.0646992400891140545 1.1368473457378591718 
0.0684224982451857033 1.0999291418473327031 
0.0725424970244453321 1.0819007963001598949 
0.1904354991302224798 1.0767464176416687849 
0.1914120914334543899 1.0668833022717747472 
0.1933652760399182102 1.0161542829858285497 
0.2033753471480452823 0.8950505182303986063 
0.2188787499618518595 0.8325439080728540553 
0.2226630451368755148 0.7741320854168143306 
0.2229071932126834854 0.7736655923068477270 
0.2233954893642994544 0.7518481693832282930 
0.2246162297433393351 0.7449918751793982441 
0.2384105960264900625 0.6836049941335107238 
0.2603839228492080271 0.6126011400705526633 
0.4292123172704245260 0.5392514323665762443 
0.4318063905758842691 0.5264439376104617096 
0.4375133518478957484 0.3147486149604870609 
0.4397106845301675393 0.2245702845813789539 
0.4560686056093020690 0.1643494633487015966 
0.6250190740684224977 0.1597793005940837951 
0.6252632221442304683 0.1181021055940168762 
0.6263008514664143433 0.1084349150681871848 
0.6271553697317423515 0.0703566477220406022 
0.6273995178075503221 0.0268806498765563930 
0.6310617389446699921 0.0106666388264936348 
0.6328318124942777789 -0.0095457458355773066 
0.6367381817072054195 -0.0371263226522684578 
0.6447950682088686714 -0.0574087386295905541 
0.6494338816492202238 -0.0643357405511328639 
0.6494644001586962201 -0.0835674045930072801 
0.6495254371776482127 -0.1682664305727472331 
0.8750267036957914968 -0.2558070228850613526 
