0. 1.4941346581874321853 
0.0002441480758079775 1.4527680695205766881 
0.0010376293221839045 1.4516045575032689996 
0.0039063692129276406 1.3979160078375423293 
0.0122074037903988769 1.3661258388746737591 
0.0123905148472548601 1.3494101759828183162 
0.0323496200445570273 1.3478541948028968100 
0.0340586565752128700 1.3143320695756188776 
0.0469374675740836800 1.2826175970343698385 
0.0581072420422986541 1.2532925002525723279 
0.0625019074068422498 1.1992927390876473304 
0.0627765739921262306 1.1832300864846538868 
0.0664082766197698904 1.1396763378375827092 
0.0666524246955778749 1.1334472522214702472 
0.0862147892696920742 1.1130322739522520159 
0.1877498702963347199 1.0627183223958653890 
0.1920834986419263368 1.0424264827706624104 
0.1955931272316659975 1.0267706676463705939 
0.2001403851435895887 1.0168677121645475214 
0.2033448286385692860 1.0080377513842231352 
0.2034058656575212787 0.9687160222319198821 
0.2080446790978728588 0.9110500874650365732 
0.2112186040833765599 0.9037329756135870085 
0.2193060090945158358 0.8301625315025844554 
0.2194280831324198211 0.8236275929680630936 
0.2208929715872676724 0.8159331653337877910 
0.2265999328592791517 0.7926737814922654168 
0.2346873378704183999 0.7752824695905223828 
0.2347483748893703925 0.7555692092601145049 
0.2347788933988463889 0.7099375498328386325 
0.2348094119083223852 0.6808976152781286428 
0.2502822962126529660 0.6102904585746483645 
0.4170659504989776556 0.6002718778362600149 
0.4375133518478957484 0.3118107415210322198 
0.4387340922269356569 0.2555516465807073367 
0.4532303842280342998 0.1682515883458998440 
0.6252937406537064646 0.0845884675352355370 
0.6262398144474623507 0.0560832352670992268 
0.6272469252601703404 0.0332634554076646355 
0.6348155156102176511 -0.0121922861732153016 
0.6565446943571275895 -0.0407801014541404397 
0.6574907681508834756 -0.0552234434327257343 
0.6575212866603594719 -0.0867822339236469093 
0.6577349162266914462 -0.1650643931936645603 
0.8281502731406598095 -0.2103120645365690600 
0.8285164952543717654 -0.2224515669343940794 
0.8320566423535874501 -0.2515954275987104527 
0.8323007904293954207 -0.3116480341159764134 
0.8398693807794427313 -0.3166437435051864813 
0.8402356028931546872 -0.3978893858091715474 
0.8460341196935942110 -0.4005825894915434060 
0.8516495254371776458 -0.4633292540444374774 
