0. 1.6170905757790374757 
0.0001525925473799860 1.6033324077703532406 
0.0009765923032319101 1.5824194504636839298 
0.0010071108127079073 1.4670346641151539302 
0.0049134800256355480 1.4420640309738930185 
0.0068666646320993683 1.4270131342969558652 
0.0078737754448072756 1.4258682498066872490 
0.0081179235206152531 1.4006200441989020700 
0.0112918485061189611 1.3571330411470630128 
0.0263679921872615741 1.3033021716157067171 
0.0625019074068422498 1.2515699247800109450 
0.0625629444257942424 1.1946366206117959852 
0.0762352366710409846 1.1425419532574445647 
0.1057771538438062736 1.1309252220958811996 
0.1074861903744621094 1.1299929770886412150 
0.1984313486129337389 1.1193397417271016003 
0.1989196447645497079 1.1051018521268336503 
0.1993469038972136564 1.0662078714017981795 
0.1998352000488296254 1.0423014095470999329 
0.2137821588793603345 0.9511870447617447599 
0.2187566759239478742 0.8894233448534266673 
0.2188177129428998669 0.8269392028919001492 
0.2266304513687551481 0.7794236290032905412 
0.2305368205816827887 0.6902931589366022580 
0.2515030365916928745 0.6638802750694616783 
0.4375133518478957484 0.4386164961554976371 
0.4377880184331797153 0.4040706213171375016 
0.4378490554521317080 0.3883911585703086478 
0.4380016479995116896 0.2876383282137161546 
0.4493545335245826555 0.2682186480712047128 
0.6250190740684224977 0.1226831127810901062 
0.6255684072389904315 0.1162962337467381424 
0.6261177404095583654 0.0986582682868043514 
0.6327707754753257863 0.0568850341932608944 
0.6370433668019653828 0.0264518468901553186 
0.6406750694296090565 -0.0388159593788009807 
0.6484267708365123450 -0.0435360767309021859 
0.6562700277718436226 -0.0756463033847972338 
0.8228095339823603416 -0.1234339797909953240 
0.8288827173680837212 -0.1717301595325588515 
0.8302255317850276706 -0.2672551169818958572 
0.8309579760124515824 -0.2820224772860794871 
0.8351390118106631899 -0.3082884386906744600 
0.8374279000213629143 -0.3809532365143521448 
