0. 1.3684510172661097371 
0.0021973326822717978 1.3177055745320811475 
0.0156254768517105624 1.2927749174756439920 
0.0316171758171330947 1.2197561480711587301 
0.0393688772240363763 1.2187333514096885256 
0.0394299142429883759 1.1920164222137523691 
0.0394909512619403685 1.1835060162569488451 
0.0551164281136509310 1.1747981972929486538 
0.0626239814447462351 1.1034446312270282942 
0.0667744987334818602 1.0779240238557961096 
0.1875057222205267493 0.9683952271021248892 
0.1897640919217505329 0.9561581045219539332 
0.2014221625415814620 0.9445535834156459920 
0.2041688283944212146 0.8694608918728928826 
0.2151554918057801968 0.8598631160202764301 
0.2253791924802392710 0.7560010268140772149 
0.2345652638325144146 0.7459319897084459860 
0.2346873378704183999 0.6652509231421831481 
0.2354197820978423394 0.6626537068610202086 
0.2500076296273689991 0.6567365804780909144 
0.2502517777031769697 0.6279655166821779266 
0.4218878749961851859 0.4867323230685389190 
0.4257942442091128266 0.4663996482472702043 
0.4258552812280648192 0.4450599203194066655 
0.4301889095736564084 0.4097346630125350275 
0.4355601672414319281 0.3894837336772827840 
0.4375133518478957484 0.2176717287643460397 
0.4397717215491195319 0.1919592343730209538 
0.4480727561265907544 0.1612607899006479051 
0.6250190740684224977 0.1394072463746747759 
0.6252632221442304683 0.1138785053849878243 
0.6261482589190343617 0.1057359171725621993 
0.6262398144474623507 0.0172501041971875810 
0.6328318124942777789 -0.0020173206430731993 
0.6329233680227057679 -0.0057045227203777887 
0.6339304788354136466 -0.0169870337423096707 
0.6339609973448896429 -0.0510075122137847101 
0.6369823297830133901 -0.0746576140568187968 
0.6370128482924893865 -0.0753970468994858284 
0.6416211432233649425 -0.1009664031298282000 
0.6512649922177801143 -0.1455747528205156849 
0.6574907681508834756 -0.1991684620726117960 
0.8437757499923703719 -0.3307868007574675251 
0.8438978240302743572 -0.3866425328655710980 
0.8449964903714102249 -0.4572856277970131500 
