0. 1.5237039367824860570 
0.0004272591326639607 1.5149763975503540703 
0.0019531846064638203 1.5121869747922971339 
0.0023804437391277810 1.4742749353926141165 
0.0081484420300912512 1.3696192213850142405 
0.0312509537034211249 1.3318872928980731718 
0.0332041383098849452 1.3100045003848908021 
0.0351878414258247618 1.2476254999125615530 
0.0492568742942594701 1.1936679802103045134 
0.1723075045014801354 1.1349524264788790617 
0.1742606891079439557 1.1256385301040912061 
0.1877803888058107162 1.0985821320236828225 
0.1954405346842860158 1.0296293769075324231 
0.1964476454969939223 1.0231642470869235506 
0.1969359416486098913 0.9872635238348597131 
0.2190008239997558448 0.9095745590973787209 
0.2266914883877071407 0.8040251536728929560 
0.2269356364635151113 0.7831057739876442492 
0.2427442243720816795 0.7721251665080123283 
0.2500076296273689991 0.6754034764301803939 
0.2501297036652729844 0.6459960067041591314 
0.2503738517410809550 0.6105388973351004722 
0.2581865901669362362 0.5999023474915173848 
0.4167912839136936332 0.5723778240343290191 
0.4168523209326456258 0.5175353506505868673 
0.4223151341288491345 0.4928188232340491859 
0.4255806146427808523 0.4715563983442001561 
0.4278389843440046358 0.4316405300672330747 
0.4508499404889065310 0.2868070773373496696 
0.6250190740684224977 0.1381231176692091223 
0.6250495925778984940 0.0999406065942298055 
0.6250801110873744903 0.0950632610414512968 
0.6328623310037537752 -0.0215898606744399230 
0.6406445509201330601 -0.0602539108014772257 
0.6407361064485610491 -0.0953898825107210718 
0.8285164952543717654 -0.1106571682104589976 
0.8360850856044190760 -0.2798629235268230153 
0.8437757499923703719 -0.3794213202470206880 
0.8460951567125462036 -0.4083023258799212685 
0.8520767845698415943 -0.4764382198068422558 
