0. 1.5763167947567096050 
0.00003051850947599719 1.5484388702861073828 
0.00006103701895199438 1.5477188280340310467 
0.0003051850947599719 1.5131681974396864465 
0.0006714072084719382 1.4704785507192408289 
0.0007019257179479354 1.4295926433876902095 
0.0088808862575151838 1.4290581873309742278 
0.0156559953611865588 1.3431967786814213994 
0.0312814722128971212 1.2331193345994360122 
0.0318308053834650689 1.1967161545098663478 
0.0320749534592730465 1.1688147542616647012 
0.0397350993377483461 1.1183288373917230629 
0.0630817590868861938 1.1169975317948461768 
0.1875362407300027456 1.1006457323518705760 
0.1877498702963347199 1.0726426402535385041 
0.1880855739005707072 1.0031168640983845197 
0.1961729789117099554 0.9931954276972919660 
0.2031617175817133081 0.9597422477444700339 
0.2034669026764732713 0.9512857888256748273 
0.2035889767143772566 0.9285644794905264510 
0.2038331247901852550 0.8967847923991284498 
0.2070680867946409487 0.8776161104997588502 
0.2088381603442487910 0.8714485902427209218 
0.2115237891781365509 0.8604003246486437995 
0.2161626026184881033 0.8291387336893013549 
0.2227240821558275075 0.7981360367904217767 
0.2349620044557023946 0.7334227328345188646 
0.2383495590075380699 0.7297190254396326292 
0.2388378551591540389 0.6662759307437290390 
0.2388683736686300352 0.6537041954849224234 
0.2397839289529099527 0.6457439321575357827 
0.4219794305246131749 0.6331607929539172508 
0.4224982451857051124 0.5352308069862609097 
0.4313180944242683279 0.5232180061640784308 
0.4375133518478957484 0.3160547826918574388 
0.4384594256416516345 0.3069908493707296793 
0.4395580919827875577 0.2898775902602827026 
0.4399548326059755099 0.2853481356294843008 
0.4434339426862392020 0.2686455451031099506 
0.4539628284554582116 0.2118865811041412695 
0.4551225318155461275 0.1863051905162556032 
0.6250190740684224977 0.1073469605023375656 
0.6291695913571581089 0.1061836019138968218 
0.6367381817072054195 0.0337589014397131557 
0.6563005462813196189 0.0222920135592410001 
0.6565446943571275895 -0.0801741722416481617 
0.6567583239234595638 -0.1032216740521489096 
0.8750267036957914968 -0.2452877848039497211 
0.8750572222052674931 -0.3027848645774146030 
