0. 1.6378799949065661057 
0.00006103701895199438 1.5738441207416606904 
0.0009765923032319101 1.5726810071271919433 
0.0021362956633198035 1.5226991026714566946 
0.0043946653645435957 1.5027724127016592881 
0.0087893307290871914 1.4908141793832223598 
0.0126956999420148320 1.4736834497125861354 
0.0177617725150303676 1.4555872303238350796 
0.0205084383678701132 1.4513793754392236845 
0.0313119907223731175 1.3760042435330948063 
0.0320749534592730465 1.3724370081335726113 
0.0391247291482283988 1.3084980064942040023 
0.0625629444257942424 1.2880180008294361826 
0.0644550920133060701 1.2370636577137306133 
0.0688802758873256621 1.2291360268291289248 
0.0766930143131809433 1.2160024686718855502 
0.0938138981292153673 1.2002259061231836945 
0.1021149327066866036 1.1826685942930561524 
0.1064790795617542030 1.1643364800829998362 
0.1875362407300027456 1.1523637891599631811 
0.1875667592394787420 1.1265269123180927657 
0.1895199438459425623 1.1210797601682525038 
0.1919309060945463552 1.0187845032650548749 
0.1938840907010101755 0.9516346876642319819 
0.2189397869808038521 0.8549759246436794413 
0.2220221564378795642 0.8019937829621548442 
0.2500076296273689991 0.6975031834578016010 
0.2682882168034912973 0.6832765536796895356 
0.4375133518478957484 0.3536944489429843519 
0.4414807580797753816 0.3433918241468015276 
0.4475539414654988168 0.2891922424453708396 
0.4614703817865535296 0.2824330793280814822 
0.6250190740684224977 0.2267309359562084126 
0.6252021851252784756 0.2216003495452695538 
0.6255684072389904315 0.1481455448985017909 
0.6255989257484664279 0.1150001381181981475 
0.6300851466414379987 0.1136960829082571539 
0.6315195165868099369 0.0994395648481229827 
0.6408581804864650344 0.0918589307449551168 
0.6417432172612689278 0.0592056013957624819 
0.6426282540360729323 0.0200566724328688183 
0.6428724021118809029 -0.0265358709732777150 
0.6499832148197881576 -0.0557147513245855944 
0.6562700277718436226 -0.0802785556760768071 
0.8365123447370830245 -0.1073486388468081198 
0.8437757499923703719 -0.3673513210691921049 
0.8439588610492263498 -0.4050421312942680818 
0.8450880458998382139 -0.4089727690546816063 
0.8518631550035096200 -0.4173036005869114051 
