0. 1.4879499243877616355 
0.0020447401348918119 1.4765698496276080665 
0.0020752586443678091 1.4746714622598944278 
0.0079348124637592700 1.4245819470338676460 
0.0156254768517105624 1.4034689314839547958 
0.0157475508896145512 1.3594913614147339231 
0.0169682912686544389 1.3266981350079405377 
0.0185552537614062929 1.3078822506594141029 
0.0626239814447462351 1.2350719029052330544 
0.0627460554826502343 1.1446030449468731494 
0.0791039765617847224 1.1291387897760258863 
0.1923886837366863001 1.0760425876092487574 
0.1929685354167302580 1.0535849190846859891 
0.2058168279061250716 1.0331494161895122819 
0.2153080843531601785 0.9404756618052939610 
0.2187566759239478742 0.8291225419227097326 
0.2188787499618518595 0.7917514908389611250 
0.2191228980376598301 0.7759681308376854547 
0.2226630451368755148 0.7541454788311793278 
0.2300790429395428438 0.7357878655781062704 
0.2500076296273689991 0.5664019420133212801 
0.2657551805169835468 0.5621324321231384591 
0.4224372081667531198 0.4975353903762144148 
0.4241462446974089695 0.4817446765550882359 
0.4375133518478957484 0.3352617185715764392 
0.4375438703573717447 0.2834194517643296440 
0.4385204626606036826 0.2613367202278494839 
0.4424268318735313232 0.2122007126606607619 
0.4429151280251472644 0.1590305737712842116 
0.6289864803003021310 0.1486575618557076095 
0.6328318124942777789 0.1466849180488954407 
0.6328928495132297716 0.1297787721359318358 
0.6330759605700857495 0.1111084186044532379 
0.6331064790795617458 0.0753887356643069134 
0.6367992187261574122 -0.0703045355724046944 
0.6428418836024049066 -0.0722966915440710900 
0.6487014374217963120 -0.0918794452763171538 
0.8281807916501358058 -0.1532348622129618698 
0.8282418286690877984 -0.2484002746744831958 
0.8284249397259437764 -0.2557799960299573239 
0.8306833094271676154 -0.3531704922694616222 
0.8326364940336313802 -0.4104795736437606979 
0.8440198980681783425 -0.4159507085415035110 
0.8481398968474379574 -0.4555457044090759355 
