0. 1.5179169959683995739 
0.0025940733054597613 1.5031313574819049617 
0.0078432569353312793 1.4396054095652461857 
0.0095217749565111240 1.3514503049849353466 
0.0215765861995300158 1.3328008436100282630 
0.0293893246253852970 1.3099660406705526672 
0.0398876918851283277 1.2536313714746047943 
0.0489211706900234966 1.2257780670859652616 
0.0586260567033906055 1.1604634679269416608 
0.0650959807123020068 1.0917020644586721279 
0.1802423169652394297 1.0798535716701049836 
0.1837519455549790903 1.0653797433301357422 
0.1933957945493942066 1.0298258978690824072 
0.1943723868526261167 1.0068649879805156022 
0.1997131260109256401 0.9339443906773519100 
0.2075258644367809213 0.8136453257745978052 
0.2306283761101107776 0.7877729888779368972 
0.2344126712851344330 0.7685778671643505033 
0.2384411145359660589 0.7665221376726785163 
0.2422254097109897142 0.7560418617554666154 
0.2432020020142216243 0.7062871926856366667 
0.2462538529618213401 0.6560371402242027861 
0.2585833307901241884 0.6545089675885722436 
0.2587054048280281737 0.6317549676367727462 
0.2606280709250159977 0.6095316864515734068 
0.2606585894344919940 0.5970340566802498916 
0.2616657002471999283 0.5882215980721562376 
0.4201788384655293362 0.5004204400630993810 
0.4228644672994171239 0.4268991281141191196 
0.4319284646137882544 0.3600599405140040843 
0.4358348338267158950 0.3483515677418143608 
0.4375133518478957484 0.2699675164452673970 
0.4380932035279396786 0.2571053350810525440 
0.6251716666158024793 0.2425024798678359628 
0.6252327036347544720 0.1397972284857165737 
0.6271248512222663551 0.0582757268742283355 
0.6281624805444502302 0.0394112291679588819 
0.6320688497573778708 0.0352003586720385717 
0.6407971434675130418 -0.0176851560770783581 
0.6418347727896969168 -0.0465283374051037590 
0.6426587725455489286 -0.0514420034569865944 
0.6457411420026245574 -0.0659668314611386308 
0.6504715109714042098 -0.0723447378360893983 
0.6544083986938078468 -0.0916001401578376978 
0.8203985717337565209 -0.1327900527268172926 
0.8257087923825799924 -0.1881595514067898878 
0.8281502731406598095 -0.1922220512698677719 
0.8305001983703116375 -0.1995591103756206020 
0.8305612353892636301 -0.2487807925285276112 
0.8321481978820154390 -0.2515261715566883272 
0.8325144199957273949 -0.2749501614531817406 
0.8340403454695273222 -0.2985719535972402583 
0.8501235999633778295 -0.3666953800403685570 
