0. 1.5629054883856023927 
0.0001525925473799860 1.5413546829472719590 
0.0001831110568559831 1.5270158550426500277 
0.0014954069643238624 1.5146773692626980257 
0.0039063692129276406 1.5107415089617608483 
0.0040284432508316294 1.4729326447895687568 
0.0055543687246314890 1.4684295617605602757 
0.0078127384258552812 1.4120411966580543872 
0.0133671071504867702 1.4035678742192136958 
0.0156254768517105624 1.3393293304934421606 
0.0196234015930661955 1.2837630132855966103 
0.0483718375194555489 1.2085346077481959881 
0.0515152439954832605 1.1648294022056093766 
0.0557878353221228709 1.1588469717447764662 
0.1875057222205267493 1.0982353696849902480 
0.1915341654713583752 1.0932068535171273194 
0.1962950529496139407 1.0372085641348554041 
0.2031311990722373117 0.9809662814857041946 
0.2109744560075685893 0.9581066214825775251 
0.2160405285805841180 0.9174967797203342767 
0.2187566759239478742 0.8435092494498159787 
0.2213202307199316488 0.8031222753140162540 
0.2271797845393231097 0.7160268423192172049 
0.2501907406842249770 0.6894683442828750675 
0.2540971098971526176 0.6457195397279886784 
0.4228644672994171239 0.6281720096726403080 
0.4306772057252724051 0.4544951303327077752 
0.4375133518478957484 0.3194812988680613697 
0.4531388286996063108 0.2626877406973399665 
0.6250190740684224977 0.1471128966737634824 
0.6251411481063264830 0.1353153394234981877 
0.6252021851252784756 0.1013339374793104236 
0.6257515182958464095 0.0979639964465528618 
0.6291085543382061163 0.0800933106429772140 
0.6300851466414379987 0.0696436180123123361 
0.6333201086458937201 -0.0056286645277403915 
0.6445814386425366971 -0.0258618819360184604 
0.6448866237372966603 -0.0968522843784955234 
0.6523941770683919783 -0.1043563198271190290 
0.8331247901852473214 -0.1436494515279625461 
0.8643757438886684463 -0.1721544013198523515 
0.8751487777336954821 -0.2178797305649929628 
