0. 1.3848078859828485410 
0.0079042939542832737 1.3288316070366150701 
0.0285653248695333720 1.2907446488626952430 
0.0313119907223731175 1.2815033695650628331 
0.0317392498550370800 1.2768879087992457411 
0.0325022125919370089 1.2625481239748790330 
0.0403149510177922901 1.2269892949005090088 
0.0468764305551316873 1.2148608172184203191 
0.0628070925016022269 1.1667474784395284182 
0.0629291665395062122 1.1001916720750850587 
0.1875057222205267493 1.0768746357843790307 
0.1879329813531906979 1.0376474003440907534 
0.1897030549027985402 0.9976680587555423196 
0.2032837916196172934 0.9951301377522993041 
0.2033753471480452823 0.9504229497084089040 
0.2074037903988769083 0.8908908026593587159 
0.2083193456831568258 0.8448020973521340737 
0.2166203802606280759 0.7695191860352952329 
0.2309335612048707409 0.7596814556199907864 
0.2349009674367504019 0.7298575265129207956 
0.2387462996307260221 0.7264521584835532675 
0.2391430402539140021 0.6789556843689216192 
0.2587969603564562182 0.6260021824720479744 
0.2607806634723960348 0.5947147456971354495 
0.4153263954588458096 0.5492583894477508499 
0.4261604663228247825 0.5203262359457956343 
0.4375133518478957484 0.3551274048940132322 
0.4378795739616077043 0.3374737442583208846 
0.4388256477553636459 0.2929393430261805209 
0.4416943876461073559 0.2812960750319394854 
0.6250495925778984940 0.1822145836130412144 
0.6250801110873744903 0.1612126966459273558 
0.6253242591631824609 0.1180428786495071186 
0.6255073702200384389 0.0875191244588183481 
0.6255684072389904315 0.0519470680689676223 
0.6258125553147984021 0.0415216840553855326 
0.6298409985656300281 0.0270470047827188163 
0.6347849971007416547 -0.0200671878256646619 
0.6406445509201330601 -0.1013950740918481835 
0.6421094393749808837 -0.1152212434361035154 
0.6565141758476515932 -0.1181375748328653830 
0.8281502731406598095 -0.1718597647089054881 
0.8320566423535874501 -0.3026306829752548055 
0.8398693807794427313 -0.3581716566576658711 
0.8437757499923703719 -0.4300098360657472196 
0.8447523422956022543 -0.4370936462018176760 
0.8462172307504501889 -0.4570433522479344646 
0.8462782677694021816 -0.4707920196656937284 
