0. 1.4294554129838368262 
0.0017700735496078371 1.4263206882790084862 
0.0158085879085665473 1.3874394587610767715 
0.0164799951170384838 1.3221777401654490891 
0.0220954008606219672 1.3152879543983377886 
0.0356761375774407169 1.2897896173979415124 
0.0509048738059633202 1.2821179801185123015 
0.0515762810144352532 1.2587244658011995657 
0.0516067995239112495 1.2482003954502660648 
0.0524613177892391744 1.2408337895502452586 
0.0646076845606860517 1.1851738178247153144 
0.0807214575640125692 1.1633558515293129787 
0.0846278267769402098 1.0749441333549174526 
0.1933957945493942066 1.0554054871816902494 
0.2063661610766930055 1.0337203259752376638 
0.2070375682851649524 0.9998458549268378626 
0.2187566759239478742 0.8809400378254362840 
0.2187871944334238705 0.7858724691317549027 
0.2500076296273689991 0.6544784382850811211 
0.2515945921201208635 0.6434090422502105611 
0.4259163182470168119 0.4461616818214553803 
0.4375133518478957484 0.2967614274282405762 
0.4380321665089876859 0.2252212091793466264 
0.6250495925778984940 0.1194295794485877582 
0.6270027771843623698 0.0687812904938338021 
0.6300851466414379987 0.0588182949994800891 
0.6331369975890377422 0.0188329007348089772 
0.6375316629535813240 -0.0204371920091515023 
0.6425977355265969360 -0.1027306865387074553 
0.6427198095645009213 -0.1089305653348139474 
0.6563005462813196189 -0.1127991110739480218 
0.6567888424329355601 -0.1551310499431998446 
0.8325144199957273949 -0.2929007540348985694 
0.8410290841395305916 -0.3301975678454129870 
0.8410596026490065880 -0.3907226850733678814 
0.8437757499923703719 -0.4013736433928422609 
0.8438062685018463682 -0.4230496150632071517 
0.8440504165776543388 -0.4582075278718667488 
0.8499404889065218516 -0.4766197438863216118 
