0.0000915555284279916 5.3405697712624116136 
0.0006103701895199438 4.5397854673064470532 
0.0009155552842799158 4.5310878181381450958 
0.0021362956633198035 4.2602424695309979441 
0.0050660725730155339 4.1673027110808016360 
0.0086977752006592007 4.0077614926632501024 
0.0197454756309701843 3.9332991130980579086 
0.0304574724570451996 3.7358396962004216668 
0.0431531723990600316 3.6210140693208798801 
0.0567033906064027815 3.3381132887467011017 
0.1087679677724539967 3.2667328942083231347 
0.1673940244758445883 3.2389956581099870192 
0.2047181615649891762 3.2354923180855492681 
0.2142704550309762757 3.2277933965419562945 
0.2147282326731162483 2.9914330138721778596 
0.2390209662160100168 2.9159117022072966741 
0.2566606646931363644 2.7066904016353503515 
0.2666096987823114994 2.5998097886696944769 
0.4146549882503738349 2.5516383333676047052 
0.4275948362681966652 2.4911855296530025505 
0.4407788323618274662 2.4248144088833978316 
0.4554887539292580834 2.2474193562433657512 
0.5989562669759208591 2.1277189166387886487 
0.6428724021118809029 2.1174133010508362496 
0.6456495864741965684 2.0900692246070566860 
0.6465651417584765692 1.8774363489067524835 
0.6505935850093081951 1.7894934421591837115 
0.8304391613513596448 1.7700437880876904728 
0.8373363444929349253 1.7359469222735322003 
0.8392895290993988011 1.5731719136043009755 
0.8453627124851221808 1.5578754912924763776 
0.8496047853022857810 1.4266247991331868494 
0.8537247840815455069 1.3101960846005333838 
