0. 5.5868751466730088850 
0.00003051850947599719 5.2807641860133678335 
0.0003357036042359691 5.1247302117901343266 
0.0006408886989959410 4.9275932955129029267 
0.0007019257179479354 4.8593389123710473143 
0.0012512588885158849 4.5125003166851582748 
0.0012817773979918821 4.4493584986553678107 
0.0022278511917477950 4.3443770399662264836 
0.0026856288338877529 4.1342747628101426116 
0.0140690328684347065 3.6811795093272881019 
0.0519119846186712266 3.4168448202112071677 
0.0633869441816461710 3.3841067428973929942 
0.1377605517746513242 3.2686830533958364242 
0.1650440992461928158 3.0867523163507306627 
0.1891232032227546100 3.0789372411507489602 
0.2268745994445631187 3.0701804928382716575 
0.2293160802026429079 2.7292774808018065435 
0.2782067323831903805 2.6803035872451084209 
0.4061098055970946419 2.6149500134098313531 
0.4194769127475814208 2.5610243308615117108 
0.4371166112247077962 2.2339223904429026390 
0.6194036683248390629 2.0562885268068127331 
0.6214178899502548203 2.0434627405954985946 
0.6410718100527970087 1.8239553913686290532 
0.6717734305856501997 1.8068677002114486019 
0.8315988647114475052 1.7860666831333724680 
0.8333689382610552920 1.7860229016001689661 
0.8360850856044190760 1.7845953765921318546 
0.8374279000213629143 1.7474406066928116488 
0.8387707144383068636 1.7235464598638841061 
0.8459425641651662220 1.6205831397964551854 
0.8473464156010620529 1.3248757559264967565 
