0. 5.0324653799080847349 
0.0001831110568559831 4.8948597201227626030 
0.0002441480758079775 4.8336429370996665256 
0.0005188146610919523 4.3133501999255239312 
0.0031434064760277108 3.8207387149197193921 
0.0273445844904934843 3.7877186171495815792 
0.0444349497970519119 3.5986665797602523931 
0.0556047242652668860 3.5359265353373663387 
0.0600909451582384707 3.5349065238928023547 
0.0693990905484176135 3.4917548657882173657 
0.0748008667256691157 3.4835214075936957734 
0.1033661915952024946 3.3528868124443427234 
0.1151768547624134054 3.2116641050405130286 
0.1973632007812738398 3.0378066900014264462 
0.2208014160588396835 2.9778465425541948974 
0.2290414136173589410 2.9706509369487656968 
0.2410657063509018261 2.8162470340102365718 
0.2570574053163243722 2.7921987321924315317 
0.2591631824701681741 2.6679964638241995267 
0.4169743949705496111 2.6516059607844475465 
0.4199652088991973620 2.6198613091346860671 
0.4342783898434400269 2.5664148496660086351 
0.4406872768333994772 1.9503422775082439600 
0.6526383251441999489 1.9412137117065166869 
0.6543778801843318504 1.8956619850295843843 
0.8138370921964170890 1.8510638335850153613 
0.8213751640369884033 1.7392938651089375757 
0.8280281991027558242 1.4883577381084582836 
0.8388927884762108489 1.3223140808383513356 
