0.0001525925473799860 5.2628519448802446590 
0.0002441480758079775 4.8785479982802932852 
0.0003357036042359691 4.8782181342356993881 
0.0005493331705679495 4.8504359428183070335 
0.0007019257179479354 4.4146340113821960216 
0.0038148136844996490 4.3849124524698561700 
0.0043641468550675985 4.3267176571752941072 
0.0070497756889553514 4.2245133224189492793 
0.0112002929776909704 4.2105076963761121078 
0.0162968840601825024 3.8916699249196162746 
0.0293588061159093007 3.8145943034584894882 
0.0583208716086306353 3.5192063855607238487 
0.0636616107669301379 3.5125080327567226313 
0.0928678243354594535 3.4385424384434997158 
0.1004669331949827604 3.3298635415196011777 
0.1087679677724539967 3.2667328942083231347 
0.1790520950956755175 3.0968571602504360030 
0.2380443739127781067 2.8406753704376446201 
0.2565080721457563828 2.8089024366232719920 
0.2670064394054994517 2.7123216968242673808 
0.4108096560563981869 2.6582490760681469766 
0.4225287636951811088 2.6519911027065923292 
0.4278084658345286395 2.5738496924480811501 
0.4367503891109958403 2.5196195496585929163 
0.4676046021912289574 2.2810972608422996899 
0.5989562669759208591 2.1277189166387886487 
0.6325876644184698083 2.0897764348704912507 
0.6355174413281655665 1.9877441609760952978 
0.6380504776146732615 1.7828085996175060401 
0.6420484023560288911 1.5655453388138285131 
0.8370616779076509584 1.5645394703193928887 
0.8436841944639423829 1.3085039406622294145 
