0.00003051850947599719 6.2398559285278363262 
0.0000915555284279916 5.5200510608267379098 
0.0001831110568559831 5.2060292681421689309 
0.0002746665852839747 4.5639504346342372187 
0.0039674062318796350 3.8930188044434124173 
0.0242011780144657726 3.8207340070386668351 
0.0470595416119876722 3.7511388586361036346 
0.0574358348338267141 3.6633150884044130002 
0.0576799829096346917 3.5502697551343112003 
0.0679342020935697483 3.4893948006709103460 
0.0839869380779442731 2.9903324691416601766 
0.2229987487411114744 2.6176244763071463417 
0.2577898495437482840 2.5179433866134477427 
0.4300057985168004304 2.2031260098470921704 
0.6208685567796868865 2.1849438266888840943 
0.6291085543382061163 1.9413495581383213295 
0.6433606982634968441 1.8846003511783187001 
0.6750083925901059212 1.6945874889465761814 
0.8318430127872554758 1.5665730156425214936 
0.8366649372844630061 1.5638719837482109032 
0.8435010834070864050 1.5022769273261900036 
0.8475905636768700235 1.3882982148459153127 
0.8533890804773094363 1.3377117830994740277 
