0.0000915555284279916 5.0286451948851080829 
0.0003967406231879635 4.5267289158499410817 
0.0026856288338877529 4.4169164344171516490 
0.0038758507034516434 4.0924047700085219859 
0.0150761436811426130 3.9457322367974607680 
0.0176396984771263789 3.9183986493785809557 
0.0251167332987456901 3.6438837085683930539 
0.0448011719107638817 3.5137888947865878464 
0.0975371562852870300 3.2643050363835635075 
0.1840876491592150776 3.0356094261827917258 
0.2371898556474501818 3.0216733489367335608 
0.2484511856440931310 2.7678008285209920736 
0.4115115817743461579 2.7461558851186964603 
0.4153263954588458096 2.6815173782476811048 
0.4194769127475814208 2.6579939930488620803 
0.4309823908200323683 2.5287273076655440995 
0.4339426862392040674 2.4076364709603144121 
0.4473097933896908462 2.3142972688788758795 
0.4545121616260262010 2.2875915134949291740 
0.6078371532334361227 2.2278166269243051545 
0.6238288521988586410 2.0936175912368506502 
0.6269112216559342698 2.0092756047469526592 
0.6390575884273812512 1.7676428563361217261 
0.6483046967986083597 1.6083508355579705373 
0.8449049348429822359 1.5958135870296805692 
0.8519547105319376090 1.4727526966839190603 
0.8547318948942533856 1.2641394441533186921 
