0.00006103701895199438 4.7624646131213665967 
0.0004882961516159551 4.7300119388043571078 
0.0009460737937559130 4.7009868356600827965 
0.0011902218695638905 4.6903108830620094949 
0.0013428144169438765 4.4921349631610327791 
0.0037232581560716575 4.4309470366103242966 
0.0043641468550675985 4.2229318587368922522 
0.0054628131962034974 4.2095058843178136954 
0.0068971831415753655 3.8172394701640737225 
0.0272530289620654918 3.4204741735743300346 
0.0498062074648274178 3.1800323980757516651 
0.1192968535416730203 3.0103206961265187580 
0.2285225989562669757 2.9426451873345906840 
0.2328867458113345612 2.8509551978138980566 
0.2573625904110843354 2.7827085580180872526 
0.4036378063295388840 2.6499729489463064169 
0.4153569139683218059 2.3960276468338825850 
0.4481032746360667507 2.3684819934285497034 
0.4524979400006103880 2.2090297617628729121 
0.4556718649861140613 2.0447505471864935167 
0.6378063295388652909 2.0147324287296028977 
0.6416516617328409389 1.8263727881654683305 
0.8349864192632832083 1.6628691084209505924 
0.8350169377727592046 1.4807867444135909274 
0.8385570848719748893 1.2640161587214355787 
