0.00003051850947599719 5.1923430347126586781 
0.0001831110568559831 4.6898910965320377286 
0.0003967406231879635 4.5267289158499410817 
0.0028992584002197333 4.4520227269769145906 
0.0055543687246314890 4.1126793413054043569 
0.0088808862575151838 3.9793266508195328512 
0.0228888821069978959 3.5970566205659082470 
0.0444349497970519119 3.5364837560772004465 
0.0743736075930051532 3.3409002421247473435 
0.0830713827936643556 3.2498178023841832740 
0.1200598162785729561 3.1971598548829902597 
0.2072817163609729230 3.0867753414203233930 
0.2127140110477004353 3.0069466518873806393 
0.2215643787957396193 3.0002699837278541395 
0.2293160802026429079 2.9962658169754199378 
0.2324900051881466090 2.8353088549036500332 
0.2378002258369701360 2.8272772101925323085 
0.2634357737968077706 2.8194298587672204093 
0.2668843653675954664 2.6245052578884249250 
0.4262825403607287678 2.6181498510398450996 
0.4338816492202520747 2.4979372707930966868 
0.4353770561845759501 2.2286117341549642745 
0.6126285592211676567 2.1675606544689856037 
0.6217535935544907799 1.8207955468661864984 
0.6619159520249030537 1.6878322596418915413 
0.8327280495620593692 1.4215641861905516929 
0.8433790093691824197 1.3984249081246860058 
0.8503982665486617964 1.3456046535165098188 
