0.00003051850947599719 6.1556172805244067092 
0.00006103701895199438 5.3330627712835116938 
0.0001220740379039888 5.0338594820369850780 
0.0004882961516159551 4.3238910627893609728 
0.0036927396465956603 4.2493982543891926085 
0.0044251838740195929 3.8686183390159860629 
0.0200506607257301544 3.7611939048407849739 
0.0258796960356456191 3.7563351179187556283 
0.0717795342875453962 3.7244646542012467272 
0.0719931638538773705 3.7199037124988225678 
0.0782189397869808012 3.5087089506663153848 
0.0854823450422681347 3.3401273527827295418 
0.1535081026642658719 3.1590718328013442928 
0.1729178746910000897 2.9855544212386084801 
0.2158268990142521437 2.9812006188932951289 
0.2262337107455671958 2.3098254344371786928 
0.2497940000610370248 2.2853202378467134537 
0.4487136448255867327 2.2685416015746455720 
0.6024048585467085548 2.2543088675557130251 
0.6267281105990782919 2.2490516275205716390 
0.6288338877529221493 2.1417126727481918813 
0.6333201086458937201 1.9353133583084805025 
0.6487319559312723083 1.8817921525263288096 
0.6593218787194433661 1.8266937098007922646 
0.8341929380169073038 1.6714445756192726211 
0.8373363444929349253 1.6393528806429964462 
0.8446302682576982690 1.4997379752549893084 
0.8449964903714102249 1.3893245860502851929 
