0. 6.9152290519372403565 
0.00006103701895199438 5.6283196788045666281 
0.0001220740379039888 5.3164963849029165388 
0.0004577776421399579 4.8541968756730735635 
0.0006103701895199438 4.4173830157991531564 
0.0008239997558519242 4.0639459129049972930 
0.0089724417859431745 4.0008431110057554036 
0.0097048860133671071 3.7994256238221066901 
0.0227668080690939072 2.9449445274878205403 
0.1989196447645497079 2.6428857532080378689 
0.4172490615558336335 2.5938617566127097902 
0.4192022461622974538 2.5789926021315823235 
0.4301278725547044157 2.5518512889378053288 
0.4335459456160161151 2.5144333327168868486 
0.4353770561845759501 2.3250222056424592054 
0.6059450056459242395 2.1724572782911337754 
0.6263008514664143433 2.0263779126840866240 
0.6301156651509139950 1.7784496650766610237 
0.6331369975890377422 1.6844982384461857361 
0.8346507156590472487 1.6799489757605399198 
0.8368175298318429878 1.4438641745544753547 
0.8650776696066163618 1.4072562533275261298 
