0.0001220740379039888 5.6559129459439194676 
0.0001831110568559831 4.8357698181852359909 
0.0002441480758079775 4.7907582548734772843 
0.0008545182653279214 4.5767033484921819664 
0.0015259254737998596 4.4730020438972282193 
0.0025330362865077670 4.2722304994230206887 
0.0029602954191717276 4.1589687247625208855 
0.0198065126499221769 4.1463909646055565616 
0.0199285866878261657 3.6432721172869921844 
0.0400402844325083163 3.5451150629968544159 
0.0700094607379375539 3.4711215645447865974 
0.0908536027100436405 3.3921299561293487557 
0.1432538834803308292 3.3734102139447270652 
0.1676686910611285830 3.3403177939250667805 
0.1967223120822778892 3.2101167280221956091 
0.2128055665761284243 2.7195003259742809298 
0.2796105838190862669 2.6223244682935291649 
0.4262520218512527714 2.4263504825247874663 
0.4362315744499038472 2.4040436582195638948 
0.4395886104922635540 2.3708819856042677721 
0.4416028321176793669 2.3648149462286518485 
0.6248970000305185124 2.3417467976010035713 
0.6255378887295144352 2.2382804343010853643 
0.6285287026581621861 2.1624413324209545983 
0.6294137394329660795 1.9834418683953796147 
0.6422925504318368617 1.9533567138701330990 
0.6485793633838923267 1.6154596648630579203 
0.8339793084505752185 1.4239898064202125560 
