0. 5.6043969805618152336 
0.00003051850947599719 4.9773435767202762747 
0.0004577776421399579 4.9761193217953882950 
0.0007934812463759270 4.9182994458804971671 
0.0013733329264198736 4.6984958128036664604 
0.0020752586443678091 4.5865173018241041092 
0.0021668141727958006 4.4973816082512936276 
0.0023499252296517838 4.4820712836072091889 
0.0035401470992156743 4.4444884098510142323 
0.0043336283455916013 4.3563058780885004495 
0.0045472579119235816 4.3551495956048880132 
0.0051576281014435255 4.2813706995061320271 
0.0058595538193914609 4.0815153559503434266 
0.0265205847346415592 4.0501647427108098398 
0.0298165837580492560 3.6332245649147019151 
0.0312204351939451286 3.2862167307894263324 
0.1848811304055909821 2.9965617275084990290 
0.2103640858180486351 2.9849816029640274806 
0.2310861537522507503 2.9071956378781820263 
0.2450331125827814593 2.6962942935497866692 
0.3159276100955229483 2.6239662396343343964 
0.4179509872737815490 2.6107459399405219536 
0.4181340983306375270 2.4106721547304292841 
0.4270760216071047277 2.4073671967456635734 
0.4315927610095522948 2.2677887496939646006 
0.6213263344218268314 2.1572903753840044772 
0.6305124057741019472 2.0862264287985805566 
0.6314279610583819480 1.9884290336890122486 
0.6323129978331858414 1.9039806010012751969 
0.6388134403515732806 1.8732987066247379637 
0.6430249946592608845 1.8673283046235138460 
0.6611224707785271493 1.7446003569381292042 
0.8261665700247199373 1.7412525716108748774 
0.8331858272041993141 1.7344863406521200400 
0.8339487899410992222 1.6765637561788981902 
0.8348643452253792230 1.3938216272963128706 
