0.0001525925473799860 5.2300939420329681795 
0.0001831110568559831 5.1992017983298177697 
0.0003051850947599719 4.6655250520323718888 
0.0021668141727958006 4.5357744081106039502 
0.0033265175328836940 4.1114731683140615104 
0.0052797021393475143 3.8610431137610992103 
0.0256050294503616452 3.7421011146498224242 
0.0375377666554765482 3.4892999616298157051 
0.0451063570055238519 3.3248213123015584181 
0.1917783135471663458 3.2535137376078187010 
0.1948606830042420857 3.1907054463506141495 
0.2009338663899655209 3.0315330838874228192 
0.2192754905850398395 2.7905598370199800051 
0.2817773979918820615 2.7297341876092842128 
0.4173711355937376188 2.5403568042354844891 
0.4253975035859248743 2.1936939203237928453 
0.4475539414654988168 2.1541520335267296815 
0.6161076693014313488 2.1324810337898769674 
0.6253852961821344536 2.0865327844909660193 
0.6355174413281655665 2.0794475987302849518 
0.6385387737662892027 2.0307830839944749357 
0.6423841059602648507 1.7952005409727105345 
0.6452528458510086162 1.7884507117137837806 
0.8328806421094393508 1.7861270565185678461 
0.8329416791283913435 1.6796399458020374595 
0.8355662709433271384 1.5205459452287086730 
0.8703268532364879517 1.3462764444345176606 
