0.00003051850947599719 5.0376105925971073063 
0.0002136295663319803 4.9779343014235983844 
0.0002746665852839747 4.5351371402175288949 
0.0004272591326639607 4.4233851587603671973 
0.0023194067201757866 3.9864053828022107950 
0.0094302194280831333 3.8841805634386399326 
0.0192876979888302255 3.6787771522169365745 
0.0563066499832148223 3.0773743430494593376 
0.2147282326731162483 2.9914330138721778596 
0.2272713400677510986 2.9825582309262950176 
0.2345042268135624219 2.7332560571669990423 
0.2666096987823114994 2.5998097886696944769 
0.2681661427655873120 2.5492668398779576577 
0.4301889095736564084 2.5257839731645996828 
0.4302804651020843973 2.4774526683726101339 
0.4578081606494338596 2.3937851699617316292 
0.4736777855769524481 2.3385764394843397973 
0.6001159703360088304 1.9560895540993412656 
0.6430555131687368808 1.8472794366691238643 
0.6467787713248085435 1.8120720067030311462 
0.6611224707785271493 1.6806161718134851046 
0.8243659779656361541 1.5230688002929790858 
0.8496047853022857810 1.4266247991331868494 
0.8586382641071810262 1.3844615589664839295 
