0.00003051850947599719 5.4121346585958001185 
0.0000915555284279916 5.0286451948851080829 
0.0002136295663319803 4.9170447200287368261 
0.0005188146610919523 4.8716770962817186330 
0.0010071108127079073 4.6356017207996202956 
0.0014038514358958708 4.1740162789498382878 
0.0133671071504867702 3.9988523891131482202 
0.0150456251716666167 3.8517348060790848052 
0.0266731772820215478 3.8297178902945043788 
0.0287484359263893568 3.7260559034326585781 
0.0448011719107638817 3.5137888947865878464 
0.0598162785729544968 3.3980854386441396997 
0.0975371562852870300 3.2643050363835635075 
0.1070894497512741433 3.1693036221148305209 
0.1840876491592150776 3.0356094261827917258 
0.2351756340220343688 2.9918610923580897243 
0.2484511856440931310 2.7678008285209920736 
0.2775963621936704540 2.5352025494858181354 
0.4309823908200323683 2.5287273076655440995 
0.4339426862392040674 2.4076364709603144121 
0.4473097933896908462 2.3142972688788758795 
0.6078371532334361227 2.2278166269243051545 
0.6236457411420026631 2.1672725400053662881 
0.6238288521988586410 2.0936175912368506502 
0.6341746269112216172 2.0413506350572441228 
0.6374706259346293313 2.0128602700687823201 
0.6428724021118809029 1.9650479356496941552 
0.6483046967986083597 1.6083508355579705373 
0.8501846369823298222 1.5303975051072020719 
0.8503067110202338075 1.1506616578844852672 
