0.00006103701895199438 5.4919321490404415798 
0.0002136295663319803 5.4670096373717678162 
0.0002441480758079775 5.0151079877891966419 
0.0003051850947599719 4.7678199874122961788 
0.0004882961516159551 4.5518714004236953130 
0.0012817773979918821 4.4924384739455067717 
0.0019226660969878231 4.4892267554973450672 
0.0020752586443678091 4.4535446514740026913 
0.0042115543076876125 4.1620152824543854564 
0.0161748100222785136 4.0118653607209759926 
0.0208441419721060832 3.6152603659217574794 
0.0708334604937894824 3.6105179981651671639 
0.0744956816309091524 2.7819309461017178719 
0.2262642292550431922 2.5730876246553520126 
0.4207281716360972701 2.5210960638434150027 
0.4368114261299478329 2.5066434486136470738 
0.4409314249092074478 2.2108427155055263569 
0.4579912717062898375 2.1682791837569532767 
0.6153141880550554443 2.0922855063605361181 
0.6385692922757651990 1.8928891436276644722 
0.6462294381542404986 1.5960742507755527608 
0.8227790154728843452 1.5826435385096169206 
0.8565324869533371688 1.5473196325194886747 
0.8676107058931241678 1.4472726342845740888 
