0. 4.5995245426696120816 
0.0003051850947599719 4.0171337546030434495 
0.0037842951750236518 3.9713805210848800442 
0.0099490340891750847 3.8523154207241399050 
0.0104678487502670378 3.8514288125450089062 
0.0253303628650776713 3.7185894343958643127 
0.0372631000701925744 3.5314644022721708438 
0.0525223548081911670 3.5199102854681987296 
0.1018402661214026367 3.4762693248319567196 
0.1142612994781334879 3.0909307302570314668 
0.2089602343821527763 3.0781269361703094134 
0.2097842341380047049 2.8159500491317936976 
0.2128055665761284243 2.7195003259742809298 
0.2688680684835352830 2.6319420036031897503 
0.4271980956450087130 2.4603761702013922097 
0.4371776482436597888 2.3030158394463846605 
0.6163518173772393194 2.1718103563268003064 
0.6389965514084292586 2.0783293059886767118 
0.6405835139011810675 1.9415401006032879660 
0.6406140324106570638 1.9225687687072199328 
0.6504715109714042098 1.8772672417093443364 
0.6525162511062959636 1.8645562410758653726 
0.6528519547105319232 1.8256205356006647289 
0.8347117526779992414 1.7936181624919946831 
0.8366344187749870098 1.6330112212045999609 
0.8381603442487869371 1.6063920026316624856 
0.8396862697225867533 1.5134945159523227609 
0.8401440473647266982 1.3746483697339950680 
0.8421887874996185630 1.3395058168088362915 
