0. 6.4119262125582601186 
0.00003051850947599719 5.5124115170681475817 
0.00006103701895199438 5.2620352018572367214 
0.0003662221137119663 5.2135433511267903484 
0.0005493331705679495 5.1161871468166193466 
0.0005798516800439466 4.9187957605977743469 
0.0008850367748039186 4.8314975109827633659 
0.0010986663411358989 4.3115974078678096504 
0.0023194067201757866 4.2459252517152776818 
0.0029602954191717276 4.1589687247625208855 
0.0206305124057741020 4.0651777801009512103 
0.0235602893154698324 4.0284383702290078588 
0.0267342143009735404 3.7541744198938280519 
0.0338145084994048925 3.7155714447388419330 
0.0400402844325083163 3.5451150629968544159 
0.0516373180333872528 3.5030871018462517163 
0.0700094607379375539 3.4711215645447865974 
0.0908536027100436405 3.3921299561293487557 
0.1676686910611285830 3.3403177939250667805 
0.1778008362071596404 3.0922889343440962406 
0.2015747550889614437 2.9660471198421825001 
0.2112186040833765599 2.8830005333840120762 
0.2335276345103305118 2.6578481774652176206 
0.2796105838190862669 2.6223244682935291649 
0.4313180944242683279 2.5199322433296242885 
0.4398022400585955283 2.4301530168688327826 
0.6059450056459242395 2.1724572782911337754 
0.6247138889736625344 2.1521582383398820681 
0.6321909237952818561 2.0791618829103284405 
0.6372569963682973571 2.0083588340270739359 
0.6469008453627125288 1.9618908437927922161 
0.6613971373638111162 1.7690671635042010124 
0.8166142765587328656 1.7041993346874046988 
0.8297677541428876147 1.6023402316072798968 
0.8449354533524582322 1.2597919357847722210 
