0. 4.5723799070343069673 
0.0015259254737998596 4.4730020438972282193 
0.0025330362865077670 4.2722304994230206887 
0.0104678487502670378 3.8514288125450089062 
0.0267342143009735404 3.7541744198938280519 
0.0338145084994048925 3.7155714447388419330 
0.0555436872463148934 3.6655768056724720161 
0.0601214636677144670 3.4621219151458149099 
0.0972930082094790455 3.3481861194859821040 
0.1761223181859797871 3.3437459225642007787 
0.1933347575304422139 2.9620193696854761889 
0.2097842341380047049 2.8159500491317936976 
0.2128055665761284243 2.7195003259742809298 
0.2796105838190862669 2.6223244682935291649 
0.2978301339762565725 2.4380804601666130615 
0.4362315744499038472 2.4040436582195638948 
0.4465468306527909381 2.3657150631873284929 
0.4543900875881222157 2.3397935837799237468 
0.6215094454786828093 2.1744770304106344483 
0.6372569963682973571 2.0083588340270739359 
0.6504715109714042098 1.8772672417093443364 
0.6528519547105319232 1.8256205356006647289 
0.6598101748710593073 1.5539285059165575120 
0.8396862697225867533 1.5134945159523227609 
0.8572649311807610806 1.4716139476868947966 
