0. 5.6680722720398888370 
0.0000915555284279916 4.4792110867117935768 
0.0002746665852839747 4.0792592687135318386 
0.0008239997558519242 4.0639459129049972930 
0.0029908139286477248 4.0606058336055470548 
0.0227668080690939072 2.9449445274878205403 
0.2417371135593737730 2.8680238068177059674 
0.2576067384868923060 2.7317065842035646028 
0.4210333567308572888 2.6314297111697797504 
0.4318979461043122581 2.6294439675353000752 
0.4335459456160161151 2.5144333327168868486 
0.4396496475112155466 2.3192168169202411754 
0.4572283089693899294 2.1542928774959904103 
0.6263008514664143433 2.0263779126840866240 
0.6331369975890377422 1.6844982384461857361 
0.6796777245399334699 1.6790193873306609174 
0.8251289407025360623 1.6739885575427195796 
0.8383739738151189114 1.5913004128087266942 
0.8471327860347300787 1.3421547204450825497 
