0. 5.6680722720398888370 
0.00003051850947599719 4.6448002120887226241 
0.0010071108127079073 4.4638113311114837600 
0.0018921475875118259 3.9770966237255902520 
0.0209051789910580758 3.7965271901362007689 
0.0291451765495773195 3.7201328977076388860 
0.0299386577959532448 3.5513598525636052017 
0.0628376110110782232 3.4161010728033720518 
0.0952482680745872362 3.3534272040101993362 
0.1028473769341105432 3.3409570467796725346 
0.1102023377178258656 3.2099622744741020952 
0.2042298654133732072 3.1871831013581721770 
0.2214117862483596377 3.1805470070830139662 
0.2220831934568315569 3.0987311318412595895 
0.2350230414746543872 2.8857064726545655908 
0.2848597674489578013 2.7499972671134034208 
0.3051850947599719088 2.5662925171982515771 
0.4036988433484908767 2.3491281230964080606 
0.4392834253975035907 2.2804100139821135151 
0.6076540421765801447 2.1546012955784048515 
0.6279488509781182559 2.0889531218072394658 
0.6336558122501296797 1.9673542479689953843 
0.6665852839747307135 1.7835227973208882535 
0.8326670125431073766 1.6966011766028097352 
0.8386791589098788746 1.6882391407696564212 
0.8504898220770897854 1.5758840203356896392 
0.8549455244605853599 1.5001489514902353051 
0.8603473006378368204 1.4895458935121721478 
