0. 1.1483483698380310134 
0.0000915555284279916 1.1358597790843421027 
0.0002136295663319803 1.1277645521824439800 
0.0003051850947599719 1.1108749933309038926 
0.0006408886989959410 1.0777656147829337563 
0.0035706656086916715 1.0726733833774437787 
0.0038148136844996490 1.0567910936844429059 
0.0049439985351115452 1.0470116155227300325 
0.0082399975585192419 1.0215438793526339101 
0.0143742179631946784 0.9566772540834577176 
0.0316171758171330947 0.9410084267279498205 
0.0337229529709768966 0.9332639551795074428 
0.0392468031861323910 0.9107188172433794415 
0.0394299142429883759 0.9097848914223461980 
0.0394909512619403685 0.9084795196579726895 
0.0433362834559160165 0.8722423377535010180 
0.0487685781426435150 0.8622439908031824807 
0.0576494644001586953 0.8265414462821994990 
0.2172002319406720061 0.7418941402497293280 
0.2336191900387585008 0.7130935763128462002 
0.2341074861903744697 0.5491471114657934249 
0.2477187414166692192 0.5157158734587239390 
0.2491836298715170706 0.3715360359861493156 
0.2542497024445325993 0.3292645952138271159 
0.6295663319803460611 -0.0298041520800821393 
0.6357921079134495335 -0.1476977180468422857 
0.6437269203772088000 -0.2541933717719007668 
0.6495864741966002054 -0.2962112331770954121 
0.6514175847651600959 -0.3488020432435046669 
0.8357493820001831164 -0.4690425774392075198 
0.8358104190191351090 -0.4943352794063184952 
0.8396557512131107570 -0.6100582222496053752 
0.8417920468764304998 -0.6131713937917045998 
0.8433790093691824197 -0.6243515404714606864 
0.8436231574449903903 -0.6697790950366053764 
0.8482924893948179390 -0.6768864790945271492 
0.8504593035676137891 -0.6906265089464259654 
0.8530838953825494730 -0.6910238183733516948 
