0. 1.1025169351418533381 
0.0009765923032319101 1.0865532549362129089 
0.0019531846064638203 1.0572532053525933726 
0.0078127384258552812 0.9910091186991403234 
0.0117191076387829218 0.9752984980782249957 
0.0156254768517105624 0.9522222894847170993 
0.0234382152775658437 0.9233732859260544989 
0.0253913998840296640 0.9221572267697596414 
0.0312509537034211249 0.9004298034159476938 
0.0318002868739890726 0.8886170644078641434 
0.0390636921292764061 0.8646258264019075490 
0.0471205786309396649 0.8209787902429864781 
0.0585955381939146092 0.8114449363580927832 
0.0590838343455305642 0.7886023945515410194 
0.0703146458326975310 0.7812989151596848592 
0.0786156804101687673 0.7578587800775532512 
0.1840876491592150776 0.7482321159116204212 
0.1843317972350230482 0.7262500006088005167 
0.1897030549027985402 0.7047005082403883236 
0.1936094241157261808 0.6885441482793034362 
0.1959288308359019848 0.6791991521181571789 
0.1975157933286538214 0.6313134488967842017 
0.1992858668782616638 0.6254786225049880910 
0.2109439374980925930 0.5984085001732224462 
0.2114322336497085619 0.5781868211397267476 
0.2114627521591845582 0.5600260816141507947 
0.2153386028626362025 0.5144274766045321412 
0.2158268990142521437 0.5137961099695722567 
0.2227240821558275075 0.4728371307056738471 
0.2304757835627307960 0.3859231697026195285 
0.2387768181402020462 0.3719037324144640610 
0.2465895565660573274 0.3420375449755732045 
0.2466200750755333238 0.3384178642337360987 
0.2500076296273689991 0.3104727517753690380 
0.2578203680532242803 0.3019011931139862770 
0.4140751365703299047 0.2546577386920875763 
0.4160283211767937250 0.2315792150553033502 
0.4204229865413373068 0.2184305117809267893 
0.4204535050508133032 0.2168565870658351047 
0.4218878749961851859 0.2085627184687278424 
0.4260383922849207972 0.1516172143338075928 
0.4297006134220404672 0.0797554675230973398 
0.4298226874599444525 0.0619692702894029182 
0.4326303903317362254 0.0563457798115037725 
0.4360484633930478693 0.0380357129011997946 
0.4375133518478957484 0.0378152376574171570 
0.4397106845301675393 -0.0095863678541814740 
0.4511856440931424905 -0.0140862251148052599 
0.4512466811120944832 -0.0606491135049545965 
0.6250190740684224977 -0.1672741651810479291 
0.6255073702200384389 -0.1708692191595024834 
0.6269722586748863735 -0.1929679091681938685 
0.6289254432813501383 -0.2155885394677196087 
0.6328318124942777789 -0.2793599701138193558 
0.6338084047975096613 -0.2889429478030674514 
0.6367381817072054195 -0.3045833260304951495 
0.6407055879390850528 -0.3297951768811205331 
0.6408886989959410307 -0.3582881147717025816 
0.6447950682088686714 -0.3806470081955982132 
0.6485183263649403340 -0.4085844245305839117 
0.8281502731406598095 -0.4598427458150485814 
0.8283944212164677801 -0.4832509997094110998 
0.8301034577471236853 -0.4894135880860773780 
0.8301644947660756779 -0.4970156850212104627 
0.8340098269600513259 -0.5333971484181228018 
0.8359630115665150907 -0.5947948787912497037 
0.8379161961729789665 -0.5957415804286666505 
0.8437757499923703719 -0.6994672025843237106 
0.8515884884182256531 -0.7348219828412865251 
