0. 1.0781473791440716603 
0.0002441480758079775 1.0703907408944666191 
0.0014648884548478652 1.0354103305809039259 
0.0078127384258552812 1.0009774506917350489 
0.0093997009186071352 0.9910343389785372103 
0.0178838465529343564 0.9863152642893141531 
0.0185552537614062929 0.9447652952531049308 
0.0187994018372142704 0.9361937298623932424 
0.0193487350077822216 0.9344287776409037072 
0.0227057710501419111 0.9227148718258079141 
0.0312509537034211249 0.8820060529295661311 
0.0468764305551316873 0.8103854504172326445 
0.0546891689809869686 0.7890544016387586179 
0.0703146458326975310 0.7701867082731134184 
0.0802331614123966141 0.7580209143685409101 
0.0804773094882045986 0.7465165265768208824 
0.1878719443342387052 0.7081129859324754028 
0.1917783135471663458 0.6925249792099065216 
0.1953184606463820305 0.6536065292860144815 
0.2091128269295327580 0.6208122879583345410 
0.2092654194769127396 0.6204562401872294464 
0.2110965300454725746 0.5457307371362838388 
0.2170781579027680208 0.5046846114457196331 
0.2265694143498031554 0.4180251526474222379 
0.2305063020722067924 0.4142182012675650338 
0.2364574114200262422 0.3650435271274412030 
0.2442701498458815235 0.3576063000665733460 
0.4096804712057863229 0.3514117146727256946 
0.4102908413953062494 0.3213002386533914678 
0.4132206183050020076 0.2898953451003618564 
0.4135868404187139635 0.2572989838781803429 
0.4137089144566179488 0.2384039492426530127 
0.4190801721243934685 0.2287145382169698260 
0.4195684682760094097 0.1911826548032753981 
0.4215216528824732300 0.1735398151612029261 
0.4259163182470168119 0.0946126844341564910 
0.4293343913083285113 0.0940326809079058412 
0.4337290566728720931 0.0463024099368860853 
0.4347056489761040310 0.0268514521646499513 
0.4453566087832270259 -0.0310958392214716502 
0.4454481643116550149 -0.0314108475539943768 
0.4458143864253669708 -0.0328034317541117809 
0.6211127048554948571 -0.0924105756959359009 
0.6214789269692068130 -0.1183937463835881415 
0.6216010010071107983 -0.1188093875714569952 
0.6224555192724386954 -0.1264048510973674322 
0.6228522598956266476 -0.1303828863263787330 
0.6261177404095583654 -0.1677419644472800120 
0.6266060365611743066 -0.1959436267075416183 
0.6303903317361979619 -0.2042430499875624028 
0.6328318124942777789 -0.2729893623030114069 
0.6331980346079897348 -0.2818110497032230155 
0.6341746269112216172 -0.3090345274490801652 
0.6407666249580370454 -0.3348811843068180139 
0.6416211432233649425 -0.3437031656459991758 
0.6417432172612689278 -0.3694674734395376747 
0.6417737357707449242 -0.3703505058415626494 
0.6436964018677328037 -0.3801448288097758477 
0.6495559556871242091 -0.3927690779728354453 
0.6498001037629321797 -0.3955037178940821185 
0.6578569902645954315 -0.3975236677176849920 
0.8252815332499160439 -0.4358789514424001310 
0.8255256813257240145 -0.4416488405707885145 
0.8292794579912716735 -0.4842542109081577895 
0.8304696798608356412 -0.4904812595951743570 
0.8320871608630634464 -0.5449011662949319046 
0.8322092349009674317 -0.5591802847391239561 
0.8331858272041993141 -0.5802642208208351748 
0.8380382702108829518 -0.5851362540166411552 
0.8381603442487869371 -0.6059358463355003499 
0.8390148625141148342 -0.6180931662411358607 
0.8403881954405346688 -0.6253263033712342933 
0.8404797509689626578 -0.6493667486268915878 
0.8409680471205785990 -0.6764632461453293777 
0.8410901211584825843 -0.6790529507651085206 
0.8414563432721945402 -0.6815394234488086900 
0.8567766350291451394 -0.7100281694274002131 
