0. 1.1097435077132902226 
0.0009765923032319101 1.0771848270981121409 
0.0078127384258552812 0.9964510775284252109 
0.0234382152775658437 0.9350882931701990364 
0.0273445844904934843 0.8922085788037706910 
0.0351573229163487655 0.8579462715533570094 
0.0432142094180120243 0.8496698945619456378 
0.0468764305551316873 0.8213016003526212305 
0.0546891689809869686 0.7808494055483435892 
0.0667744987334818602 0.7643053201551573972 
0.0750755333109530965 0.7642273796477704328 
0.0902127140110477038 0.7545565227621126025 
0.1875057222205267493 0.7419784028740847859 
0.1914120914334543899 0.7107031154738399081 
0.1953184606463820305 0.6993085662201907748 
0.1992248298593096711 0.6692311494525878812 
0.2070375682851649524 0.6063423348590906148 
0.2075258644367809213 0.6057961540810492540 
0.2148503067110202336 0.5222205701921761589 
0.2152165288247321895 0.5134141883113336746 
0.2226630451368755148 0.4704585377837518512 
0.2304757835627307960 0.4198095923212736280 
0.2382885219885860773 0.3645712502706084379 
0.2500076296273689991 0.3368719884805432274 
0.2578203680532242803 0.3252358266554270516 
0.4375133518478957484 0.0047105203300131212 
0.4394665364543595687 0.0031377138123490941 
0.4492324594866786702 -0.0274109305663572909 
0.4531388286996063108 -0.0460368146603365794 
0.6192815942869350776 -0.0713245795604052213 
0.6212347788933988424 -0.0766692698750338908 
0.6231879634998627182 -0.1382896890208409890 
0.8127689443647572176 -0.1391231932625334733 
0.8135013885921811294 -0.1464347495930917731 
0.8137455366679891000 -0.1924184752243190966 
0.8156987212744529758 -0.1948063868962396639 
0.8166753135776848582 -0.2632230628973641351 
0.8193609424115726458 -0.2926897755427264047 
0.8196050904873806164 -0.3093672958893792790 
0.8200933866389965576 -0.3187636586350216517 
0.8222907193212684040 -0.3791598154047864377 
0.8249763481551560806 -0.3916317851970689823 
0.8250373851741080733 -0.4294074614000596979 
0.8252204962309640512 -0.4375323108158339913 
0.8281502731406598095 -0.4564356751846911364 
0.8291268654438916918 -0.4911878865133547656 
0.8320566423535874501 -0.5489318174158211994 
0.8340098269600513259 -0.5501138534053020557 
0.8341319009979553112 -0.5680411703673188262 
0.8359630115665150907 -0.6152580092434837278 
0.8379161961729789665 -0.6350642012100393696 
0.8398693807794427313 -0.6521073126829874944 
0.8408459730826746137 -0.6685666559020977395 
0.8437757499923703719 -0.6752478919678159830 
0.8440198980681783425 -0.6854933059916689109 
0.8451185644093142102 -0.6971980530417964950 
0.8498794518875698589 -0.7105740564681923832 
0.8535416730246895289 -0.7129909918845400707 
