0. 1.1004711426445656919 
0.0020142216254158147 1.0279721768164644668 
0.0078127384258552812 0.9975939686447586885 
0.0088503677480391858 0.9879283083519844189 
0.0098269600512710959 0.9717158592548612583 
0.0176396984771263789 0.9398162515536049311 
0.0245674001281777389 0.9196565711611092153 
0.0253913998840296640 0.8985578953792743295 
0.0254524369029816601 0.8879902195485896987 
0.0283211767937253944 0.8852160971657548893 
0.0391552476577043951 0.8699055615249108309 
0.0411389507736442186 0.8215288646980483111 
0.0558183538315988673 0.7847592368185822842 
0.0800805688650166325 0.7663275593989536949 
0.0801416058839686252 0.7423584523256404610 
0.1875057222205267493 0.7180712696466646783 
0.1894589068269905696 0.7114676827198306297 
0.1953184606463820305 0.6459845556499427266 
0.2005066072573015445 0.6358859656698307994 
0.2031311990722373117 0.5886158493203200726 
0.2080751976073488552 0.5797735056572670409 
0.2109439374980925930 0.5620464850168337412 
0.2148503067110202336 0.5383692851682505553 
0.2158268990142521437 0.4837679213018346025 
0.2265694143498031554 0.4498594287215297305 
0.2265999328592791517 0.4361685604119808768 
0.2276070436719870582 0.4322907425178309504 
0.2305368205816827887 0.3980213031743742858 
0.2363963744010742496 0.3956712833393476458 
0.2367015594958342128 0.3827223441525558489 
0.2373729667043061598 0.3543631671477954215 
0.2432325205236976207 0.3450639092527155727 
0.2451857051301614410 0.3117060737232879020 
0.4136783959471419525 0.3075850180612758056 
0.4140751365703299047 0.2683212750082856202 
0.4141361735892818974 0.2529697125606374941 
0.4160893581957457177 0.2435608379142368829 
0.4163945432905056809 0.1973655111817932961 
0.4181646168401135233 0.1928077081685570793 
0.4228644672994171239 0.1883346880478032892 
0.4234138004699850577 0.1446510350853479621 
0.4242072817163609621 0.1109365628270700260 
0.4272591326639607057 0.1005799048712242988 
0.4273201696829126983 0.0755502299980413267 
0.4292733542893765186 0.0625636981515703683 
0.4307382427442243977 0.0506378900022883757 
0.4317758720664082728 0.0367580175991682120 
0.4320200201422162434 0.0312970808078899404 
0.4329050569170201923 0.0259903117744092332 
0.4329966124454481813 0.0207834411587000320 
0.4385509811700796789 -0.0179610318558978098 
0.4453260902737510296 -0.0616171578968373740 
0.6250190740684224977 -0.1814427465281181762 
0.6269722586748863735 -0.2049502444360001563 
0.6289254432813501383 -0.2375652795539938411 
0.6294137394329660795 -0.2403277096585781924 
0.6328318124942777789 -0.2893523936741953517 
0.6406445509201330601 -0.3719044764982950002 
0.6445509201330607008 -0.3797154244959915492 
0.6484572893459883414 -0.3805626462753368133 
0.6524857325968199673 -0.3970964741428239520 
0.8281502731406598095 -0.5121859020410368668 
0.8301644947660756779 -0.5359400822363975525 
0.8359630115665150907 -0.6224531609956139855 
0.8359935300759910870 -0.6287311612214631085 
0.8379161961729789665 -0.6429398167757547355 
0.8437757499923703719 -0.6968119938350445519 
0.8442640461439863131 -0.7047262672799663452 
0.8515884884182256531 -0.7257319152234781301 
