0. 1.0949683396773246535 
0.0002441480758079775 1.0857230040092509249 
0.0009765923032319101 1.0828860598463692089 
0.0019531846064638203 1.0460161055051195866 
0.0040284432508316294 1.0070346209302631912 
0.0079348124637592700 0.9859362362841432859 
0.0118411816766869106 0.9684298735945745529 
0.0120853297524948881 0.9670917233195016616 
0.0195318460646382031 0.9420051508419943209 
0.0234382152775658437 0.9299853844100519629 
0.0273445844904934843 0.8819566933309918033 
0.0352183599353007581 0.8704678349428054407 
0.0352793969542527577 0.8520012107393889478 
0.0362559892574846679 0.8491089466695194154 
0.0430921353801080390 0.8223623379373634634 
0.0469374675740836800 0.8125283932345839233 
0.0508438367870113206 0.7856784233469674694 
0.0667134617145298675 0.7680950381729672038 
0.0703146458326975310 0.7585048293882704629 
0.0859401226844080934 0.7455754521186215289 
0.0878933072908719137 0.7446846073695370105 
0.1875057222205267493 0.7066332540811051111 
0.1914120914334543899 0.6833985207547371710 
0.1953184606463820305 0.6573014880519350012 
0.1964781640064699186 0.6558726099776217566 
0.2032532731101412971 0.5898676780278371279 
0.2042909024323251999 0.5796364640085763797 
0.2070375682851649524 0.5655399563107068594 
0.2111270485549485709 0.5460648098759616209 
0.2116153447065645399 0.5274102256684718437 
0.2121036408581804811 0.5229165990284979637 
0.2160100100711081217 0.5031962608688509420 
0.2187566759239478742 0.4993075458713521764 
0.2207098605304116945 0.4567686122321051312 
0.2265694143498031554 0.4161777956172144632 
0.2285225989562669757 0.4147029988435132486 
0.2344126712851344330 0.3740819056315733970 
0.2382885219885860773 0.3706923252617876918 
0.2421948912015137179 0.3404122085935801234 
0.2423780022583696958 0.3362115510141673869 
0.2509842219306009370 0.3218097655634640786 
0.2540360728782006250 0.2990072929730624440 
0.4121219519638660844 0.2634762890076422503 
0.4126102481154820256 0.2629096206139375225 
0.4135868404187139635 0.2507648236728438618 
0.4199346903897213656 0.1709595767007946743 
0.4199652088991973620 0.1595323805077954460 
0.4204535050508133032 0.1572731169869288070 
0.4297006134220404672 0.0546547109334872827 
0.4355906857509079244 0.0179058317066660942 
0.4357127597888119097 0.0158411418035842473 
0.4366893520920438476 0.0036235972505627417 
0.4375133518478957484 -0.0014880931549362518 
0.4384899441511276863 -0.0210883403978679371 
0.4404431287575915066 -0.0217946377017471417 
0.4423963133640553269 -0.0356909406148753494 
0.4463026825769829675 -0.0561457672497771287 
0.4531998657185583035 -0.0574422854584946893 
0.6250190740684224977 -0.1902316933319196379 
0.6308786278878140141 -0.2547922895318746606 
0.6309396649067660068 -0.2682854944967673627 
0.6311838129825739774 -0.2688504610081237090 
0.6313058870204779627 -0.2704239459459190642 
0.6353038117618335923 -0.3067301202790321257 
0.6362498855555894783 -0.3166920788627624050 
0.6362804040650654747 -0.3227979818686191327 
0.6406750694296090565 -0.3408843977859466468 
0.6428418836024049066 -0.3812197134097738971 
0.6468092898342845398 -0.3996751058254228717 
0.8750267036957914968 -0.5084637043325100913 
