0. 1.0821916078308391196 
0.00006103701895199438 1.0645436067054143692 
0.0010376293221839045 1.0506713422983109396 
0.0015259254737998596 1.0484148761134453043 
0.0078737754448072756 0.9741020437578872260 
0.0098269600512710959 0.9695152742063278817 
0.0117801446577349162 0.9587475876645816797 
0.0156865138706625586 0.9410523069675433838 
0.0312509537034211249 0.8701308399898809442 
0.0332041383098849452 0.8692669555289953553 
0.0390636921292764061 0.8371465481360008676 
0.0468764305551316873 0.7983231794130176695 
0.0625019074068422498 0.7843542007119086445 
0.0626239814447462351 0.7765280842150187324 
0.0628681295205542195 0.7643632819343718632 
0.0725730155339213284 0.7482210069254399132 
0.1875057222205267493 0.7050201574047257891 
0.1894589068269905696 0.7014452400325619230 
0.1914120914334543899 0.6808987488036579716 
0.1953184606463820305 0.6558680378658872101 
0.1965392010254219113 0.6480505120207955549 
0.1976378673665578067 0.6419940129134688034 
0.2031311990722373117 0.5945794310440407626 
0.2070375682851649524 0.5607080631578913454 
0.2109439374980925930 0.5455177546571130520 
0.2121646778771324737 0.5186075583404342604 
0.2148503067110202336 0.4962541285195274376 
0.2265694143498031554 0.4244773996131140925 
0.2309640797143467650 0.4053228636041114608 
0.2345042268135624219 0.3927391928841876823 
0.2382885219885860773 0.3565194671735156806 
0.2421948912015137179 0.3373876292637504326 
0.2431714835047456280 0.3344743611584998222 
0.2461012604144413585 0.3208898985847029595 
0.2656941434980315542 0.3103557427781479250 
0.4218878749961851859 0.1589580301512721894 
0.4238410596026490062 0.1453210102854472219 
0.4275643177587206689 0.1221932549461674372 
0.4285409100619525513 0.0934348071237205147 
0.4292733542893765186 0.0903630279414660426 
0.4295175023651844892 0.0754537778184353886 
0.4297006134220404672 0.0630200357817264772 
0.4363536484878078325 0.0580923984601256008 
0.4370860927152317998 0.0047327331479101878 
0.4373302407910397704 -0.0076341803594787878 
0.4453566087832270259 -0.0149230567665000480 
0.4492324594866786702 -0.0594814861909967601 
0.4493240150151066592 -0.0599243289550918587 
0.4495681630909146298 -0.0600134139244091688 
0.4502700888088626008 -0.0673666227213141622 
0.6250190740684224977 -0.1864484359986021411 
0.6269722586748863735 -0.1986808322649628866 
0.6289254432813501383 -0.2465895845412332810 
0.6308786278878140141 -0.2722960193335934309 
0.6338084047975096613 -0.2731238061790970395 
0.6357615894039735371 -0.3229564590457500439 
0.6377147740104373019 -0.3306234197619808968 
0.6396679586169011777 -0.3539974993663174696 
0.6484572893459883414 -0.3986561077144424314 
0.6494338816492202238 -0.3988645219991867608 
0.8281502731406598095 -0.5051684324553183947 
0.8320566423535874501 -0.5747111353917954135 
0.8358104190191351090 -0.6104423308640347656 
0.8359630115665150907 -0.6207931916545863515 
0.8436231574449903903 -0.6306689784751726702 
0.8437757499923703719 -0.6592074371086592555 
0.8438062685018463682 -0.6962626872898389774 
0.8479262672811059831 -0.7249191621034751787 
