0. 1.0610991083333420892 
0.0039063692129276406 0.9992145492952840824 
0.0078127384258552812 0.9756480794260072864 
0.0080568865016632588 0.9698176614436828657 
0.0081789605395672475 0.9661689897143905803 
0.0156254768517105624 0.9340805073409309545 
0.0238044373912778100 0.9116575760517480198 
0.0247810296945097201 0.8953208864018736834 
0.0267342143009735404 0.8916873933626988657 
0.0312509537034211249 0.8579418135170304716 
0.0468764305551316873 0.8116244078342209622 
0.0482192449720755673 0.7922502273928384575 
0.0549333170567949461 0.7751820199986317883 
0.0625019074068422498 0.7734682000112110822 
0.0638447218237861297 0.7708598742972366802 
0.0664387951292458867 0.7430399209049902698 
0.0820642719809564491 0.7229348932365092795 
0.1875057222205267493 0.7136003648774560393 
0.1876277962584307346 0.6960236228740889208 
0.1953184606463820305 0.6608342201864783050 
0.1954405346842860158 0.6466604881305263452 
0.1956846827600939864 0.6449224063285478037 
0.1959288308359019848 0.6438946759577770518 
0.1973937192907498361 0.6428029235098149385 
0.1992248298593096711 0.6421849075799792583 
0.2012390514847254841 0.6298698230341943649 
0.2032532731101412971 0.5874135423131268130 
0.2036194952238532807 0.5796331543160360145 
0.2090517899105807653 0.5484696514464418859 
0.2090823084200567616 0.5383611608028699980 
0.2149113437299722262 0.5306751149529747025 
0.2168645283364360465 0.4794126462995760285 
0.2188787499618518595 0.4720390549923000334 
0.2247077852717673241 0.4257213501284782264 
0.2345652638325144146 0.4125840770852692296 
0.2346873378704183999 0.3955222733682882130 
0.2348094119083223852 0.3666339406351346031 
0.2348704489272744056 0.3557820753090629173 
0.2402722251045258939 0.3419575948868275872 
0.2403332621234778865 0.3316090129838095146 
0.2405774101992858571 0.3251015644895562939 
0.2539139988402966397 0.2872911556769890962 
0.4141972106082338900 0.2448057978337151719 
0.4144413586840418606 0.2236886279728609594 
0.4149296548356578018 0.2183613729657689073 
0.4163945432905056809 0.2054239185079808905 
0.4220099490340891712 0.1689805240609547898 
0.4222540971098971418 0.1166368194521769513 
0.4298226874599444525 0.0487172494641866932 
0.4337290566728720931 0.0201066482213024741 
0.4375133518478957484 -0.0076296161082741272 
0.4414197210608233890 -0.0328091805535622380 
0.4453260902737510296 -0.0465060948986150483 
0.4492324594866786702 -0.0558079191422508406 
0.4493545335245826555 -0.0630975549711748351 
0.6250190740684224977 -0.2010114325298065496 
0.6252632221442304683 -0.2010775704106684547 
0.6259956663716543801 -0.2110667270071158452 
0.6272164067506943441 -0.2259976570471714241 
0.6291695913571581089 -0.2444441983649615346 
0.6299020355845820207 -0.2592501862289052772 
0.6328318124942777789 -0.2948708949782935518 
0.6338084047975096613 -0.3019889543838967238 
0.6351512192144536106 -0.3183508736687628016 
0.6377147740104373019 -0.3557533269107360230 
0.6406445509201330601 -0.3708593624498833785 
0.6425977355265969360 -0.3733003165532529644 
0.6484572893459883414 -0.3973233713599372829 
0.6487014374217963120 -0.4069856763755345108 
0.6488235114597002973 -0.4133479826900859910 
0.6565141758476515932 -0.4254776648821222973 
0.8248542741172520953 -0.4483530995254109697 
0.8283944212164677801 -0.4939200997429969431 
0.8286385692922757507 -0.5281958185567074970 
0.8305917538987396265 -0.5494304617722610695 
0.8307138279366436118 -0.5505052491481482457 
0.8325449385052033913 -0.5804659948351197363 
0.8341319009979553112 -0.6101962311289720331 
0.8364513077181310319 -0.6389667864615371506 
0.8404797509689626578 -0.6408799867516733473 
0.8419446394238105924 -0.6780239247743170550 
0.8438978240302743572 -0.7053747265195307037 
0.8515884884182256531 -0.7066095643171402818 
0.8517105624561296384 -0.7450393114408514483 
