0. 1.1039281531145190840 
0.0001220740379039888 1.0803727837320242777 
0.0020142216254158147 1.0719504412538736204 
0.0025025177770317698 1.0657899619290644999 
0.0078127384258552812 0.9808978260266132398 
0.0159306619464705361 0.9514054097204593940 
0.0234382152775658437 0.9216085882475862911 
0.0312509537034211249 0.8844339092333344254 
0.0373546555986205633 0.8819949134250103517 
0.0374156926175725560 0.8619337020010099382 
0.0491348002563554778 0.8594699473901437070 
0.0530411694692831184 0.8097153246091051137 
0.0625629444257942424 0.8056262469727628606 
0.0635395367290261526 0.7862737997341010532 
0.0645161290322580627 0.7750529765586574582 
0.0784325693533127893 0.7722274595152803789 
0.1799371318704794387 0.7651083632279477298 
0.1818903164769432590 0.7543012677160871870 
0.1875057222205267493 0.7475245366148115522 
0.1875667592394787420 0.7350053322576618475 
0.1877498702963347199 0.7084472089324277411 
0.1878109073152867126 0.6945959094814133650 
0.1973326822717978435 0.6432765958124956329 
0.2031311990722373117 0.6368867203797911047 
0.2031922360911893044 0.6293581260365946894 
0.2034363841669972750 0.5947504777576333446 
0.2035584582049012603 0.5942211034882112219 
0.2128971221045564133 0.5601909398536882856 
0.2138737144077883234 0.5181062227532545750 
0.2168034913174840539 0.5178552193199841280 
0.2178411206396679567 0.5164098149860809617 
0.2190618610187078375 0.5065850602274067915 
0.2200384533219397476 0.4783373695824609806 
0.2239448225348673882 0.4555341098744485340 
0.2265694143498031554 0.4396391665900248324 
0.2268135624256111260 0.4380838205854610812 
0.2304757835627307960 0.4252204320749025657 
0.2346263008514664072 0.4184490530669262021 
0.2346873378704183999 0.3745259740004151516 
0.2424390392773216885 0.3474528616492197908 
0.4086428418836023924 0.3310735434778334096 
0.4123661000396740550 0.3018087395423731389 
0.4124881740775780403 0.2778858031718216548 
0.4125492110965300330 0.2723938168760309808 
0.4179815057832575453 0.2182214043707013940 
0.4180120242927335417 0.2020420426768057831 
0.4203619495223853142 0.1926510033580887682 
0.4212164677877132668 0.1831243481333428569 
0.4221930600909451492 0.1783708734452529310 
0.4232306894131290798 0.1435808047165911816 
0.4251838740195929001 0.1143026079638364834 
0.4281746879482405954 0.0997138030607903625 
0.4329966124454481813 0.0687422815546141486 
0.4336069826349681078 0.0324793294832273760 
0.4336375011444441041 0.0274052414260113238 
0.4375743888668477410 -0.0021589341495217131 
0.4395275734733115613 -0.0033512191122672891 
0.4453871272927030223 -0.0399761960212026216 
0.4472792748802148499 -0.0658433931473381001 
0.6250190740684224977 -0.1651566049470326314 
0.6251411481063264830 -0.1663287821660086319 
0.6252632221442304683 -0.1852815534711517997 
0.6253852961821344536 -0.1904259952942870260 
0.6272774437696463368 -0.2026701826774076343 
0.6289559617908261346 -0.2157073417040995256 
0.6328318124942777789 -0.2862862751731763966 
0.6347849971007416547 -0.2980339298210945009 
0.6408886989959410307 -0.3711290288883923871 
0.6413769951475569719 -0.3714383757231105587 
0.6487014374217963120 -0.4058551400670794007 
0.8281502731406598095 -0.4807352101796882882 
0.8283944212164677801 -0.5079057579948592638 
0.8288827173680837212 -0.5156666225501563838 
0.8303476058229316559 -0.5248046662921774796 
0.8310800500503555677 -0.5366357538201916855 
0.8323007904293954207 -0.5442275335672934755 
0.8340098269600513259 -0.5827577979734590574 
0.8349864192632832083 -0.5932224743973364411 
0.8371837519455549437 -0.6188262030147856363 
0.8373363444929349253 -0.6334275020512426524 
0.8379161961729789665 -0.6459601362275088077 
0.8398693807794427313 -0.6573847556395946423 
0.8418225653859066071 -0.6810223051254840065 
0.8479262672811059831 -0.6828088279969487528 
0.8480178228095339721 -0.6911360113831082064 
0.8518326364940336237 -0.7122749823364993293 
