0. 1.0944000639836337640 
0.0004882961516159551 1.0591496588886284424 
0.0014648884548478652 1.0414717863469331593 
0.0078127384258552812 0.9751675626431747235 
0.0156254768517105624 0.9528990226349728365 
0.0234382152775658437 0.9139278559618874143 
0.0332041383098849452 0.9034209710227908419 
0.0336924344615009003 0.8767342490168820168 
0.0375988036744285409 0.8713917737707937983 
0.0415051728873561815 0.8280504510350137348 
0.0546891689809869686 0.8003266277902061354 
0.0568865016632587664 0.7852324388877935934 
0.0571306497390667439 0.7779233371750372550 
0.0571611682485427403 0.7766322808323595783 
0.0573747978148747215 0.7759130528911857283 
0.0610370189519943845 0.7756676227183920691 
0.0629902035584582049 0.7632437153337786606 
0.0783715323343607967 0.7407664077831318528 
0.1875057222205267493 0.7205898132960349978 
0.1895199438459425623 0.6937755178011343338 
0.1953184606463820305 0.6626573599024271344 
0.1953794976653340232 0.6556433110116398621 
0.1972716452528458508 0.6534816916140592236 
0.1973326822717978435 0.6328231592359648827 
0.2031922360911893044 0.6047582444812762414 
0.2033753471480452823 0.6019737591001568244 
0.2101504562517166608 0.5546125635779858287 
0.2110049745170445856 0.5342594537576431657 
0.2114932706686605546 0.5193129115296759579 
0.2187566759239478742 0.4802186809921611954 
0.2187871944334238705 0.4744983145640820910 
0.2197637867366557807 0.4721860848501035490 
0.2265694143498031554 0.4139807468183227535 
0.2343821527756584366 0.3728880329589608356 
0.2422559282204657105 0.3545905686367027965 
0.2461622974333933511 0.3467683666916192009 
0.2504959257789849403 0.3246804529166184006 
0.4103518784142582421 0.3190740240972858577 
0.4140751365703299047 0.2507588603470252697 
0.4180425428022095380 0.2446849254781869043 
0.4218878749961851859 0.2278207930821395111 
0.4219183935056611823 0.1323775927622115600 
0.4297006134220404672 0.0803698674410043973 
0.4297311319315164635 0.0579952374864170714 
0.4298532059694204488 0.0543364151312115684 
0.4307077242347484014 0.0458021334670025218 
0.4336375011444441041 0.0416735841150640551 
0.4375133518478957484 0.0161591672207092515 
0.4395275734733115613 -0.0175281871866164486 
0.4414197210608233890 -0.0399027414451948101 
0.4415417950987273743 -0.0408980337797536508 
0.4473403118991668426 -0.0530365661314080097 
0.4492324594866786702 -0.0590442291487146831 
0.6213568529313028277 -0.1127039249374635205 
0.6218451490829187689 -0.1281060368772779234 
0.6235541856135746741 -0.1331954248999410173 
0.6289254432813501383 -0.1779301280518831574 
0.6290169988097781273 -0.2321593468193240417 
0.6291390728476821126 -0.2341516159533359176 
0.6310922574541459884 -0.2731260179689255496 
0.6320688497573778708 -0.2756372589372341753 
0.6388744773705252733 -0.2841422110964286207 
0.6389049958800012696 -0.3187308924715103742 
0.6394238105410932071 -0.3344854931350114691 
0.6455275124362925831 -0.3383345538275875919 
0.6476027710806604443 -0.3834065737317094991 
0.6476638080996124369 -0.4036927050506354808 
0.8247322000793481100 -0.4366844757514140030 
0.8261970885341960447 -0.4422536254962671776 
0.8281502731406598095 -0.4793392657188390027 
0.8303476058229316559 -0.5193645818371807055 
0.8320566423535874501 -0.5695694626229684809 
0.8362071596423230613 -0.5983922833050905332 
0.8379161961729789665 -0.6259565096003149032 
0.8381603442487869371 -0.6522612537490147799 
0.8403576769310586725 -0.6557419768525040160 
0.8437757499923703719 -0.6768060943119192929 
0.8438062685018463682 -0.6969418168297600857 
0.8439283425397503535 -0.6979787234142188490 
0.8440504165776543388 -0.7003444774931367744 
0.8445387127292702800 -0.7051736965428205828 
0.8516190069277016494 -0.7204077196560710883 
0.8537858211004974995 -0.7302037681462441032 
