0. 1.0733454495323828670 
0.0019531846064638203 1.0480186641512905243 
0.0039063692129276406 1.0397204877955574798 
0.0056764427625354778 1.0062762527354949249 
0.0078127384258552812 0.9946823719507985606 
0.0078737754448072756 0.9931869709292684423 
0.0156254768517105624 0.9444497864788714558 
0.0195318460646382031 0.9247543507893123404 
0.0312509537034211249 0.8789196000675163489 
0.0351573229163487655 0.8751909737298708691 
0.0390636921292764061 0.8425123335041955208 
0.0546891689809869686 0.8161382803770149685 
0.0625019074068422498 0.7753278247311321536 
0.0784020508438367930 0.7602382858542335864 
0.0937528611102633747 0.7522035187615510043 
0.1875057222205267493 0.7143440558604244872 
0.1879940183721427183 0.7068612065505702757 
0.1918393505661183385 0.6919616856258202775 
0.1958067567979979995 0.6654244308545186337 
0.1997131260109256401 0.6532557983655206124 
0.2031311990722373117 0.6028816860863163152 
0.2073427533799249156 0.6028186115965211700 
0.2074648274178289009 0.5726362498271148071 
0.2089297158726767800 0.5695644544426143874 
0.2111880855739005636 0.5687587734506620585 
0.2112186040833765599 0.5642852716965489623 
0.2131717886898403802 0.5362868482916912649 
0.2152165288247321895 0.5230835733739304105 
0.2152775658436841821 0.5220288993835696667 
0.2161015655995361107 0.5094255101649020068 
0.2187566759239478742 0.4809610654355494508 
0.2226630451368755148 0.4705541411085382153 
0.2265694143498031554 0.4701603834422592998 
0.2266914883877071407 0.4213974694343026739 
0.2343821527756584366 0.3676279613368431121 
0.2421948912015137179 0.3306210896800219623 
0.2500076296273689991 0.3235803138730473649 
0.2554704428235725078 0.3165990264782387320 
0.2557145908993804784 0.3010504558516696738 
0.4160283211767937250 0.2927772388128114245 
0.4160588396862697214 0.2136584926009791052 
0.4199652088991973620 0.1659776416577295743 
0.4218878749961851859 0.1335076618804334203 
0.4228644672994171239 0.1227184461032446161 
0.4257942442091128266 0.1116900702081344010 
0.4301889095736564084 0.1018809530644533556 
0.4306772057252724051 0.0896730996793582563 
0.4311655018768883463 0.0542856523433585397 
0.4331186864833521666 0.0479012563619289553 
0.4375133518478957484 0.0130412073848498611 
0.4414197210608233890 -0.0277740789736458868 
0.4492324594866786702 -0.0427068737088802525 
0.4572893459883419220 -0.0482174264834225944 
0.4574724570451979000 -0.0605437481582683512 
0.6250190740684224977 -0.1787797346783720487 
0.6289254432813501383 -0.2390367887589427975 
0.6308786278878140141 -0.2392652140570132868 
0.6338084047975096613 -0.2532688579368310155 
0.6347849971007416547 -0.2756685902357911000 
0.6352732932523575959 -0.3073907667898717055 
0.6391796624652852365 -0.3378306691083053925 
0.6406445509201330601 -0.3434527170843700849 
0.6425977355265969360 -0.3440398929767347069 
0.6430249946592608845 -0.3638287046620498622 
0.6430555131687368808 -0.3771943684478852865 
0.6445509201330607008 -0.3864901405483912034 
0.6469618823816645214 -0.3935827463299796380 
0.6489761040070802789 -0.3966246447468477210 
0.6509292886135441547 -0.4058492892789534734 
0.8281502731406598095 -0.4409109922755884425 
0.8284249397259437764 -0.4800298606304943538 
0.8301034577471236853 -0.5103687386359079259 
0.8303476058229316559 -0.5364815184044314789 
0.8340098269600513259 -0.5523220431495091676 
0.8342539750358592965 -0.5699445291539139147 
0.8359935300759910870 -0.5863394513688766629 
0.8362376781517990576 -0.6173369932155129414 
0.8372142704550309400 -0.6248320522830389523 
0.8380382702108829518 -0.6267717197157078868 
0.8401440473647266982 -0.6320136314485279572 
0.8402966399121066798 -0.6556593098073620895 
0.8442640461439863131 -0.7009520978014336379 
0.8442945646534623094 -0.7011494416434657095 
0.8464613788262581595 -0.7018643205659871320 
0.8481704153569139537 -0.7156298855559557470 
