0. 1.0998176255968210579 
0.00006103701895199438 1.0920677350408227735 
0.0020752586443678091 1.0848153664514175176 
0.0039063692129276406 1.0756709066052378976 
0.0040284432508316294 1.0402877743368708074 
0.0078127384258552812 0.9813239975060660258 
0.0118411816766869106 0.9729634320690748739 
0.0161137730033265175 0.9504986750445255650 
0.0162358470412305063 0.9504885877978823672 
0.0312509537034211249 0.8814858333719391981 
0.0430005798516800430 0.8646043262646058158 
0.0430921353801080390 0.8366481629329880487 
0.0473647267067476424 0.8340992792085333285 
0.0546891689809869686 0.7941090600950013734 
0.0703146458326975310 0.7382765585702414368 
0.1878109073152867126 0.7293456955950974319 
0.1887874996185186227 0.6869380168188918834 
0.1906796472060304504 0.6842495762067961618 
0.1958067567979979995 0.6812285652621092868 
0.1966002380443739039 0.6447019274430551006 
0.1997131260109256401 0.6402072715718105655 
0.2051149021881771284 0.6399646041395221641 
0.2070375682851649524 0.5767427716011680472 
0.2070680867946409487 0.5604728649288366338 
0.2071291238135929413 0.5603500579195522802 
0.2114322336497085619 0.5534212987851728771 
0.2122257148960844664 0.5425899353913815615 
0.2205267494735557166 0.4761526649644708953 
0.2265694143498031554 0.4537746086749280816 
0.2268745994445631187 0.4472611664974416867 
0.2278511917477950288 0.4150581197404903944 
0.2309640797143467650 0.3956710568605605327 
0.2343821527756584366 0.3692984288063558274 
0.2500076296273689991 0.3155750484773764408 
0.4106570635090182053 0.3022404934831928180 
0.4153569139683218059 0.2289596106994205571 
0.4179815057832575453 0.2055653770324489815 
0.4184698019348734865 0.1969448105861252574 
0.4194463942381054244 0.1951268861564518231 
0.4218878749961851859 0.1402463016588909872 
0.4262825403607287678 0.1356357934744172045 
0.4297006134220404672 0.0558289720552645058 
0.4336069826349681078 0.0451046438578787123 
0.4375133518478957484 -0.0111835870996961524 
0.4375438703573717447 -0.0112151270463083999 
0.4463637195959349602 -0.0399395090849123946 
0.4466078676717429308 -0.0447428309973323043 
0.4504531998657185787 -0.0545382776976928094 
0.4505142368846705714 -0.0670581347141120665 
0.6250190740684224977 -0.1241784842886231449 
0.6251411481063264830 -0.1824778600756878089 
0.6280404065065462449 -0.2154114541766145030 
0.6290475173192541236 -0.2417119726592531215 
0.6300241096224860060 -0.2438304540108485463 
0.6310007019257179994 -0.2499474328871612583 
0.6328318124942777789 -0.2940017311648590592 
0.6347849971007416547 -0.3210384320031703931 
0.6386913663136692953 -0.3449561947559610098 
0.6406445509201330601 -0.3538562232691221387 
0.6435743278298288184 -0.3790650179188473912 
0.6484572893459883414 -0.3936351206622660248 
0.8261970885341960447 -0.4595668266392551882 
0.8264717551194800116 -0.4611013987350491283 
0.8282113101596118021 -0.4886348973636976956 
0.8301034577471236853 -0.5163813070740543853 
0.8301644947660756779 -0.5284781866676353523 
0.8333384197515792957 -0.5706528227698633993 
0.8340098269600513259 -0.6009315162745957339 
0.8372447889645069363 -0.6389281637500158206 
0.8379772331919309591 -0.6420864262092351726 
0.8380077517014069555 -0.6485164135598561197 
