0. 1.0806477921963117961 
0.0039674062318796350 1.0495951191747387998 
0.0048829615161595508 1.0351740329838272636 
0.0049439985351115452 1.0112365791786197544 
0.0078127384258552812 1.0084528036382256477 
0.0117191076387829218 1.0021246084135762011 
0.0156254768517105624 0.9870922325803606068 
0.0175786614581743827 0.9567512340719647179 
0.0312509537034211249 0.8789196000675163489 
0.0390636921292764061 0.8513529367536951664 
0.0468764305551316873 0.8194591110739567474 
0.0546891689809869686 0.8034910541620610136 
0.0629902035584582049 0.7870757103615798611 
0.0771507919553209021 0.7466903062274133918 
0.1876888332773827273 0.7364896726254386294 
0.1881160924100467036 0.7249803940581902584 
0.1953184606463820305 0.6778600260312973580 
0.1982482375560777610 0.6775720261419304613 
0.1983092745750297536 0.6765600575725567722 
0.1993469038972136564 0.6666382511709428860 
0.2002014221625415813 0.6516056984924744055 
0.2003234962004455666 0.6217726051822166644 
0.2109439374980925930 0.5293581534107567599 
0.2192449720755638431 0.4610285397033924148 
0.2265694143498031554 0.4372718794831845779 
0.2334055604724265265 0.3965060628242487728 
0.2423169652394177032 0.3538176278805201802 
0.2500076296273689991 0.3431572697481786172 
0.2504959257789849403 0.3176610906239046850 
0.4141056550798059010 0.2402772067489196972 
0.4160588396862697214 0.2219245648425137718 
0.4180120242927335417 0.1890188690293616303 
0.4218878749961851859 0.1808300956167783746 
0.4219183935056611823 0.1498830946522527186 
0.4238715781121250026 0.1312154798619006302 
0.4297006134220404672 0.0801084072480508502 
0.4297311319315164635 0.0641960436185109312 
0.4375133518478957484 0.0021025580220697822 
0.4394665364543595687 -0.0037380460162331906 
0.4453260902737510296 -0.0501008177805786076 
0.4455702383495590002 -0.0505435515301379742 
0.6250190740684224977 -0.1708246700490635428 
0.6250495925778984940 -0.1723284946240221105 
0.6272164067506943441 -0.1879635184323716901 
0.6328623310037537752 -0.2654636463732991669 
0.6331369975890377422 -0.2821986266470663529 
0.6336252937406536834 -0.2851381216303567889 
0.6406445509201330601 -0.3516188525223217232 
0.6425977355265969360 -0.3599385757975235855 
0.6562700277718436226 -0.3995008089170792309 
0.8281502731406598095 -0.4939769420055966642 
0.8286385692922757507 -0.5162170284917915186 
0.8301034577471236853 -0.5175036081289116074 
0.8303476058229316559 -0.5195697790861152354 
0.8305917538987396265 -0.5294321275444250352 
0.8323007904293954207 -0.5554534190591323695 
0.8330942716757713251 -0.5736276389077669124 
0.8340098269600513259 -0.5959990707576714453 
0.8359630115665150907 -0.6135316752019440711 
0.8366954557939390025 -0.6235128901254063383 
0.8406018250068666431 -0.6691361950925913682 
0.8515884884182256531 -0.6813489780571068133 
0.8518326364940336237 -0.7250710183231312556 
