0. 1.1087584965108925328 
0.00006103701895199438 1.0746585941891924065 
0.0048829615161595508 1.0595091321456500122 
0.0083010345774712363 1.0201789226383823905 
0.0128482924893948188 0.9777170648664655905 
0.0161137730033265175 0.9567262817632921079 
0.0289620654927213346 0.9202735322514257188 
0.0312509537034211249 0.8847027242962489657 
0.0431226538895840353 0.8607537848204647179 
0.0501113925595873880 0.8272924696927036470 
0.0537125766777550584 0.8042188303572669339 
0.0540177617725150286 0.8017222131688817033 
0.0625019074068422498 0.7760950951432384892 
0.0629902035584582049 0.7682835039595539150 
0.0786156804101687673 0.7475237845851646634 
0.0786461989196447636 0.7474168566665851943 
0.1879940183721427183 0.7061182626810126317 
0.1956846827600939864 0.6739893059999566560 
0.1958067567979979995 0.6688874848787849103 
0.1958372753074739958 0.6681902363192583349 
0.2036194952238532807 0.6519851505478938547 
0.2050843836787011321 0.6072533232900294564 
0.2089907528916287727 0.5854119322090963751 
0.2114322336497085619 0.5548880648665265314 
0.2114627521591845582 0.5459090810532970517 
0.2187566759239478742 0.4844610895776585990 
0.2265694143498031554 0.4132291317216038040 
0.2363353373821222569 0.3963468400953857884 
0.2427442243720816795 0.3626875089033310129 
0.2427747428815576758 0.3598334375623715720 
0.2539139988402966397 0.3310266880273420309 
0.4087038789025543850 0.3125870793031039208 
0.4111758781701101983 0.2914041370327081770 
0.4145634327219458459 0.2872356263982253632 
0.4160283211767937250 0.2449594470941147961 
0.4165166173284096662 0.2133886819988430883 
0.4210638752403332852 0.1573767353470301722 
0.4244514297921689327 0.1226066700550208638 
0.4268013550218207608 0.0812113581621221048 
0.4321420941801202287 0.0599872138101740712 
0.4380016479995116896 -0.0154753948573702928 
0.4458143864253669708 -0.0341823694042956844 
0.4467909787285989087 -0.0375097939842740369 
0.6250190740684224977 -0.1851291780534008724 
0.6289254432813501383 -0.1994618104403889092 
0.6300546281319620023 -0.2015322399610521009 
0.6309091463972900105 -0.2449401547731959727 
0.6328318124942777789 -0.2694580896389807689 
0.6369823297830133901 -0.2963518976900951230 
0.6387218848231452917 -0.3316762814104262658 
0.6406445509201330601 -0.3326113037327745881 
0.6407055879390850528 -0.3510053368748444758 
0.6484572893459883414 -0.3964674217337840201 
0.8253730887783440329 -0.4450176971446409002 
0.8301034577471236853 -0.5051176925746243551 
0.8302865688039796632 -0.5391146516429869973 
0.8343760490737632818 -0.5854199629472577326 
0.8352916043580431715 -0.6048940674637497405 
0.8379161961729789665 -0.6119687445019283967 
0.8380993072298349444 -0.6328931224814762224 
0.8419446394238105924 -0.6755932364899365217 
0.8421887874996185630 -0.6810525625428553997 
0.8422193060090945593 -0.6825296365177416780 
0.8476821192052980125 -0.6948247180371508458 
0.8515884884182256531 -0.7290332268511878766 
