0. 1.0680320717963720511 
0.0001220740379039888 1.0662789286425660151 
0.0039368877224036378 1.0527540841674685179 
0.0090334788048951689 0.9955874948503039556 
0.0117496261482589199 0.9677487627776986123 
0.0195318460646382031 0.9468941819566404350 
0.0273445844904934843 0.9325009199160638751 
0.0293282876064333009 0.9107380876044894880 
0.0316171758171330947 0.8874766226068151464 
0.0316476943266090910 0.8716867621297643698 
0.0402844325083162938 0.8423433879943790226 
0.0517593920712912381 0.8396930077866996411 
0.0537125766777550584 0.8022221962854695354 
0.0781273842585528122 0.7470836916836056663 
0.1875057222205267493 0.7448452494985805528 
0.1884823145237586595 0.7424373987655639162 
0.1887264625995666301 0.7380849876555205524 
0.1914426099429303863 0.7340633337817932258 
0.1953489791558580269 0.6970549256860791853 
0.1965392010254219113 0.6677746805565919486 
0.1984923856318857316 0.6632702061681292616 
0.2044129764702291852 0.6040285436442598410 
0.2055726798303171010 0.5996056162778421461 
0.2111880855739005636 0.5966208070912034644 
0.2113101596118045489 0.5719588530399229986 
0.2121646778771324737 0.5410109821540640684 
0.2122867519150364590 0.5343726973432360028 
0.2221747489852595736 0.4782924505507688551 
0.2260811181981872142 0.4661505222730767950 
0.2363353373821222569 0.4285448782539453827 
0.2368236335337382259 0.3564292293601826200 
0.2434156315805535986 0.3511829752105301572 
0.2446363719595935071 0.3455019964228154827 
0.2539445173497726360 0.3129243485273692227 
0.4155400250251777838 0.2703006576206065104 
0.4174932096316416041 0.2163464404951676578 
0.4213995788445692447 0.2024327428508413684 
0.4233527634510330651 0.1639168105878206216 
0.4243293557542649474 0.1444738989441904930 
0.4248176519058809442 0.1398893401191559638 
0.4253059480574968854 0.1320414992588258007 
0.4316537980285042875 0.0611924682617411633 
0.4355601672414319281 0.0154331063922018719 
0.4453260902737510296 -0.0335107394658217331 
0.4456312753685109929 -0.0494298995505831340 
0.6259956663716543801 -0.1993950277949009531 
0.6262398144474623507 -0.2014189327570872212 
0.6340525528733176319 -0.2876471309315791203 
0.6345408490249335731 -0.2919833660986555501 
0.6386913663136692953 -0.3332302180366010780 
0.6418652912991729131 -0.3416522357305540325 
0.6504409924619282135 -0.4040412196039968040 
0.8242744224372081652 -0.4182273484839403310 
0.8257393108920559888 -0.4353821835376150973 
0.8262276070436720410 -0.4462874269580637820 
0.8281807916501358058 -0.4650330618414908468 
0.8284249397259437764 -0.4922205325829644429 
0.8323313089388714170 -0.5409356736913649710 
0.8330332346568193325 -0.5435186628624802951 
0.8359630115665150907 -0.5703895034628695404 
0.8359935300759910870 -0.5887836073271706105 
0.8369396038697469731 -0.6246311385055033361 
0.8398998992889187276 -0.6268596839011831845 
0.8418225653859066071 -0.6415416487014621305 
0.8437757499923703719 -0.6599668777828410215 
0.8438062685018463682 -0.6989297449313847110 
0.8516190069277016494 -0.7285287088504255326 
0.8516800439466536421 -0.7285500046071342606 
