0. 1.0736958862101588785 
0.00006103701895199438 1.0652418369872096449 
0.0021973326822717978 1.0624891386664789827 
0.0039063692129276406 1.0389301684639169476 
0.0041505172887356181 1.0309526048514265906 
0.0041810357982116153 1.0024585345378371759 
0.0043336283455916013 1.0016210623433929872 
0.0119937742240668974 0.9589788427973756635 
0.0175786614581743827 0.9296441977796185974 
0.0253913998840296640 0.8872170344216182558 
0.0334482863856929227 0.8607743957696444292 
0.0354319895016327394 0.8586815749283940313 
0.0391857661671803983 0.8469204790737185906 
0.0488906521805475003 0.8451198133315958039 
0.0490737632374034852 0.7951668954053313643 
0.0567033906064027815 0.7773713183842203556 
0.0668965727713858455 0.7480332118462605928 
0.0672627948850978152 0.7428735764620946202 
0.1878719443342387052 0.7110410091061271087 
0.1917783135471663458 0.6774206336229223746 
0.1992248298593096711 0.6437670925604129790 
0.1997131260109256401 0.6135726478094951641 
0.2070375682851649524 0.5515729045076945836 
0.2085024567400128315 0.5513144685633312170 
0.2148503067110202336 0.4989236032326772041 
0.2153386028626362025 0.4913671631258099692 
0.2202826013977477459 0.4548890471232476251 
0.2227851191747795001 0.4448818568080695757 
0.2265694143498031554 0.4412227765275190672 
0.2304757835627307960 0.3958402946616438323 
0.2382885219885860773 0.3609613756570178023 
0.2383190404980620736 0.3606583894909467514 
0.2402417065950498976 0.3555904864934634757 
0.2453688161870174189 0.3546016119994903626 
0.2461012604144413585 0.3143746545537037806 
0.2675862910855433818 0.3065225304880441204 
0.4085207678456984071 0.2957488169237024178 
0.4161198767052217140 0.2871061561702302201 
0.4162724692526016956 0.2212005156592330435 
0.4163335062715536883 0.1952993804049895366 
0.4202703939939573252 0.1617599869208443120 
0.4219183935056611823 0.1385281488474650879 
0.4240852076784569768 0.1317117718549363215 
0.4241157261879329732 0.1131742170144773435 
0.4280220954008606138 0.0851166504064030938 
0.4316537980285042875 0.0629229110392119651 
0.4318979461043122581 0.0351066662975022675 
0.4320200201422162434 0.0340175915072388063 
0.4416028321176793669 0.0324003916897606381 
0.4418469801934873375 -0.0255513172535307038 
0.4496597186193426188 -0.0287631005095162519 
0.4498428296761985967 -0.0501586117172882623 
0.4531388286996063108 -0.0704861958319175086 
0.6250190740684224977 -0.1585430657556397560 
0.6259956663716543801 -0.1694025828716899384 
0.6264839625232703213 -0.2114396049233598640 
0.6272774437696463368 -0.2163063591629997284 
0.6303903317361979619 -0.2214853964111594131 
0.6309396649067660068 -0.2615917844550021965 
0.6328318124942777789 -0.2725475164324224764 
0.6342967009491256025 -0.2979974739035444742 
0.6347849971007416547 -0.3062582671636489007 
0.6386913663136692953 -0.3447575766593913849 
0.6388134403515732806 -0.3524078099402856989 
0.6406445509201330601 -0.3536923046872653131 
0.6425977355265969360 -0.3683313652963473572 
0.6504104739524522172 -0.4078874936287196218 
0.6513870662556840996 -0.4089290307095010957 
0.8248542741172520953 -0.4282846619656680565 
0.8281502731406598095 -0.4893128588884247954 
0.8296151615955076330 -0.5202519490575464589 
0.8323618274483474133 -0.5532913295182460001 
0.8330332346568193325 -0.5774526294862741826 
0.8335215308084352737 -0.5840102257870618541 
0.8387096774193548709 -0.6569724309940322415 
0.8388927884762108489 -0.6617186026052410686 
0.8427991576891384895 -0.6853906747183006187 
0.8437757499923703719 -0.6988952080088342011 
0.8438367870113223645 -0.6992972712288566539 
0.8594012268440809343 -0.7065173576052461435 
