0. 1.1302298464708500081 
0.0003051850947599719 1.1022050088332269180 
0.0039063692129276406 1.0918272423623596179 
0.0039368877224036378 1.0684071285689984432 
0.0058595538193914609 1.0054197097057497867 
0.0063478499710074160 1.0017583998840466908 
0.0068361461226233711 0.9986612034288628870 
0.0156559953611865588 0.9745480767898226926 
0.0163884395886104914 0.9708179473494482625 
0.0195623645741141994 0.9706805547262500333 
0.0200506607257301544 0.9527136153096127380 
0.0234382152775658437 0.9272894123880256467 
0.0312509537034211249 0.8887006556795024048 
0.0312814722128971212 0.8571698219490558879 
0.0410473952452162227 0.8114538604357938167 
0.0427564317758720655 0.7947846438829466731 
0.0683614612262337107 0.7750440715476019093 
0.0761741996520889919 0.7628278168852574703 
0.1797845393230994571 0.7434828398872400657 
0.1816461684011352884 0.7429829531746079407 
0.1817377239295632774 0.7270053720692399857 
0.1877498702963347199 0.7011551970440138559 
0.1933652760399182102 0.6852708654556761703 
0.1955626087221900011 0.6469922902925717700 
0.1992553483687856675 0.6354848695031518613 
0.1995910519730216270 0.6322041598905359105 
0.2109439374980925930 0.5764406835012761965 
0.2111880855739005636 0.5224131472852285851 
0.2207098605304116945 0.4862681185990582189 
0.2265999328592791517 0.4664149208850240091 
0.2268135624256111260 0.4607602432103234946 
0.2273018585772270950 0.4409194424842306503 
0.2285225989562669757 0.4330844423872124427 
0.2286141544846949647 0.3987354296410859922 
0.2324289681691946163 0.3830381920765754677 
0.2442091128269295308 0.3636279692622499393 
0.2442396313364055271 0.3112279351079041412 
0.4141056550798059010 0.2369767445897691116 
0.4180120242927335417 0.1835079097042779661 
0.4218878749961851859 0.1521162091823007878 
0.4257942442091128266 0.1203255332421280244 
0.4258247627185888229 0.1033026705897096137 
0.4297006134220404672 0.0715109932753418137 
0.4336375011444441041 0.0325943115981905535 
0.4341257972960600453 0.0324317545932366266 
0.4455702383495590002 -0.0595959475536222624 
0.6250190740684224977 -0.1874212396363069966 
0.6272164067506943441 -0.2246724860267678980 
0.6328318124942777789 -0.3002412433585685547 
0.6350291451765496253 -0.3199420817506418158 
0.6377147740104373019 -0.3230223680773590678 
0.6406445509201330601 -0.3387309762734863616 
0.6408886989959410307 -0.3631992701972304172 
0.6428418836024049066 -0.3763594399342067853 
0.6467482528153325472 -0.3816098541870103777 
0.6504104739524522172 -0.3950236018013062456 
0.6504715109714042098 -0.4082720444100876866 
0.8252204962309640512 -0.4488791682360963042 
0.8281502731406598095 -0.5074738840384089844 
0.8301034577471236853 -0.5165756047884092483 
0.8349864192632832083 -0.5333891325997250910 
0.8359630115665150907 -0.6269877608810183744 
0.8398693807794427313 -0.6480964064581848927 
0.8408459730826746137 -0.6707980009245565478 
