0. 1.0883005715380171807 
0.0009765923032319101 1.0707840370008161468 
0.0039063692129276406 1.0236677400858336107 
0.0118411816766869106 0.9764739487301874465 
0.0156254768517105624 0.9516168034615709592 
0.0235602893154698324 0.9368468946647244833 
0.0274666585283974730 0.9121680770639385427 
0.0318613238929410722 0.8859526864586527717 
0.0326548051393169975 0.8788676650405493618 
0.0390942106387524024 0.8548332660697502972 
0.0416577654347361701 0.8448090317884854317 
0.0426343577379680802 0.8342488674411984162 
0.0483718375194555489 0.8195941767895240648 
0.0503250221259193692 0.8041368954475303088 
0.0625019074068422498 0.7745689349770367160 
0.0733970152897732431 0.7620611933513200542 
0.0753501998962370634 0.7393802307040252542 
0.1875057222205267493 0.7033774584436086608 
0.1953184606463820305 0.6647052683096935643 
0.1964476454969939223 0.6619507931080610419 
0.1993469038972136564 0.6363494699184177872 
0.1993774224066896528 0.6273314069845351559 
0.2002319406720175776 0.6084274353722280981 
0.2109439374980925930 0.5616979826321503166 
0.2128971221045564133 0.5310933389133297711 
0.2150944547868282042 0.5149757930682373752 
0.2187566759239478742 0.4764934809749710731 
0.2207098605304116945 0.4758107189065027831 
0.2211981566820276635 0.4561293491781086562 
0.2251045258949553041 0.4505485900940222610 
0.2305978576006347813 0.4168509444297729960 
0.2343821527756584366 0.3770328018352817612 
0.2421948912015137179 0.3492133515794790810 
0.2422254097109897142 0.3344490771567660281 
0.2461317789239173548 0.3254379341297316541 
0.2539139988402966397 0.3202058579152367579 
0.4375133518478957484 -0.0042076007679545616 
0.4414807580797753816 -0.0211533864051352792 
0.4428235724967192755 -0.0268378152204391124 
0.4492934965056306629 -0.0643642339739128461 
0.6211127048554948571 -0.1262008499296366770 
0.6250190740684224977 -0.1699803754079558249 
0.6251411481063264830 -0.1785191589592502459 
0.6256294442579424242 -0.1896912449095629893 
0.6295358134708700648 -0.2358755616324984539 
0.6328318124942777789 -0.2890132282330653002 
0.6348460341196936474 -0.3003556767041420383 
0.6364024781029694600 -0.3203521263309491163 
0.6366466261787774306 -0.3237650154408682757 
0.6412549211096529866 -0.3573582729410780812 
0.6446729941709646861 -0.3607195247662918769 
0.6484878078554643377 -0.3744987343645295175 
0.6485793633838923267 -0.3838407929905575666 
0.6490676595355082679 -0.4002322358250745560 
0.8243354594561601578 -0.4254054709800817458 
0.8262886440626240336 -0.4475944970393104239 
0.8281502731406598095 -0.4945885214484611603 
0.8291268654438916918 -0.5173066233308146744 
0.8301034577471236853 -0.5273131486560476144 
0.8320566423535874501 -0.5630971117831177208 
0.8321176793725394427 -0.5662024323741996490 
0.8321481978820154390 -0.5727191308386455626 
0.8322702719199194243 -0.5747811392438244571 
0.8341013824884793149 -0.5998155394458148937 
0.8359935300759910870 -0.6191665376041852742 
0.8398693807794427313 -0.6571124828146341912 
0.8398998992889187276 -0.6586540888625150858 
0.8401440473647266982 -0.6610235266726979253 
0.8438367870113223645 -0.6831913637920895566 
0.8457899716177862404 -0.7113950210945337860 
0.8458204901272622367 -0.7115438223968943987 
0.8516495254371776458 -0.7152824967794123578 
0.8536027100436415216 -0.7241123686064079301 
