0. 1.0942485237986494528 
0.0004882961516159551 1.0828588385043373954 
0.0039063692129276406 1.0404005371462039520 
0.0083620715964232307 1.0360174939172375197 
0.0117191076387829218 0.9835976877675415286 
0.0234382152775658437 0.9111984597180773360 
0.0273445844904934843 0.9027092565583252348 
0.0400402844325083163 0.8494041192789041350 
0.0449232459486678670 0.8402124172524625401 
0.0546891689809869686 0.8142262347600773831 
0.0557878353221228709 0.7956671567186612837 
0.0625019074068422498 0.7772043744311063484 
0.1035187841425824762 0.7692411650023486258 
0.1040070802941984313 0.7670826529982998077 
0.1816461684011352884 0.7483890320657093920 
0.1875057222205267493 0.7440982484753795312 
0.1910153508102664377 0.7017025927609347180 
0.1953184606463820305 0.6962586154192186294 
0.1958677938169499921 0.6850646298117598620 
0.1977599414044618198 0.6280837741397076179 
0.2066408276619770001 0.6018063226025243129 
0.2104861598559526481 0.5675068365397820669 
0.2105166783654286444 0.5655942104810942617 
0.2105471968749046407 0.5396730329245502666 
0.2178716391491439530 0.5395252943149335678 
0.2183599353007599220 0.4819706801411435260 
0.2265694143498031554 0.4753271489448293585 
0.2266304513687551481 0.4315945060686466328 
0.2343821527756584366 0.3888951493141388771 
0.2348704489272744056 0.3777053083607393447 
0.2363353373821222569 0.3739262545729364340 
0.2417676320688497693 0.3647309227806024845 
0.2417981505783257656 0.3302377435533146999 
0.2500076296273689991 0.3077042117396689425 
0.4140751365703299047 0.2878739720170544469 
0.4160283211767937250 0.2204186428998290703 
0.4170049134800256629 0.2080456320240752499 
0.4199346903897213656 0.1881084735141153319 
0.4218878749961851859 0.1629318615534786074 
0.4238410596026490062 0.1250403484616421645 
0.4316537980285042875 0.0466461087812980180 
0.4355906857509079244 0.0297474450066711679 
0.4375133518478957484 -0.0047641694882835763 
0.4394665364543595687 -0.0266780585952048968 
0.4472792748802148499 -0.0634312057289821152 
0.6250190740684224977 -0.0966029895097764990 
0.6250801110873744903 -0.1616383662357266937 
0.6289254432813501383 -0.2098609983298355131 
0.6328318124942777789 -0.2533549260178986073 
0.6331369975890377422 -0.2540018218792209903 
0.6367381817072054195 -0.3085901105056760851 
0.6407055879390850528 -0.3470034443911935718 
0.6416821802423169352 -0.3476621988797166107 
0.6487014374217963120 -0.4005189009535652378 
0.8242439039277321688 -0.4213378217762139277 
0.8281502731406598095 -0.4974662881217929433 
0.8291268654438916918 -0.5041098324792496754 
0.8359630115665150907 -0.6254387833268153507 
0.8437757499923703719 -0.6828477631891417543 
0.8515884884182256531 -0.7140468725893631685 
