0. 1.0726066911305844886 
0.0013428144169438765 1.0656863632775384065 
0.0039063692129276406 1.0311652976730045772 
0.0078127384258552812 0.9861663062616627950 
0.0103152562028870510 0.9796843986698627882 
0.0122684408093508713 0.9766594612731694935 
0.0168462172307504501 0.9457254712043953182 
0.0169682912686544389 0.9302645412802968972 
0.0234382152775658437 0.9068987201888474292 
0.0247810296945097201 0.8901749093593630535 
0.0267342143009735404 0.8798133196208227647 
0.0351573229163487655 0.8571964621687692132 
0.0356456190679647206 0.8552706745434874858 
0.0512710959196752830 0.8247914271104477280 
0.0522476882229071932 0.8166298293481049075 
0.0625019074068422498 0.7667072340479085257 
0.0708639790032654787 0.7549766164283804315 
0.0942411572618793297 0.7405207904070304492 
0.1875057222205267493 0.7401306592672608486 
0.1877498702963347199 0.7238076236568979915 
0.1877803888058107162 0.7196589833437615491 
0.1953184606463820305 0.7109044906273446207 
0.1958677938169499921 0.6693932012410591659 
0.1962950529496139407 0.6391174001161753493 
0.1982482375560777610 0.6292165079593363686 
0.2011780144657734915 0.6235111512590237881 
0.2031311990722373117 0.6145293046386970381 
0.2070375682851649524 0.5528285246444395451 
0.2080141605883968625 0.5511366913716225779 
0.2187566759239478742 0.4739672859861320253 
0.2265694143498031554 0.4131853514502870084 
0.2275460066530350656 0.4008379337330002512 
0.2344431897946104293 0.3735093898948094182 
0.2422559282204657105 0.3367102673212770125 
0.2431714835047456280 0.3327899601738179558 
0.2505569627979369329 0.3025001601179952426 
0.4140751365703299047 0.2598520098174036952 
0.4143192846461378753 0.2354610365964820984 
0.4145634327219458459 0.2314089759607554642 
0.4184698019348734865 0.2128946871116542960 
0.4220709860530411639 0.1734993451732668446 
0.4221015045625171602 0.1298416730860771917 
0.4259773552659688045 0.1001684892911324371 
0.4301889095736564084 0.0597027299578606480 
0.4302499465926084010 0.0595013593477537392 
0.4337900936918240857 0.0547998760302511739 
0.4375133518478957484 -0.0171001308550822948 
0.4531388286996063108 -0.0569509118942019277 
0.4570451979125339514 -0.0724897456413123587 
0.6250190740684224977 -0.1872278858787604083 
0.6328318124942777789 -0.2826352375876143297 
0.6367381817072054195 -0.2941298491094272993 
0.6367992187261574122 -0.2952415585696434031 
0.6406445509201330601 -0.3581780680857551968 
0.6445509201330607008 -0.3803226356367052641 
0.6484572893459883414 -0.3961296061447270866 
0.8242439039277321688 -0.4110474474692554780 
0.8252204962309640512 -0.4580546856152992730 
0.8262581255531480373 -0.4645922378129255237 
0.8294930875576036477 -0.5123738174573160276 
0.8359630115665150907 -0.6248070756359533906 
0.8364513077181310319 -0.6294588478732642267 
0.8382213812677389297 -0.6320562694816193039 
0.8398693807794427313 -0.6326447145543552253 
0.8401745658742026945 -0.6478277930862824663 
0.8421277504806665703 -0.6970032189359204322 
0.8496353038117618883 -0.7143777274052848236 
0.8496963408307138810 -0.7390014754365590299 
