0. 1.0594132237753921544 
0.0039063692129276406 1.0381030996493620933 
0.0084231086153752251 0.9699945193462560233 
0.0137638477736747346 0.9392062714361740783 
0.0156254768517105624 0.9320337577191939449 
0.0175786614581743827 0.9217367096328797915 
0.0234382152775658437 0.8838419293676195165 
0.0240485854670857875 0.8803214984324864156 
0.0468764305551316873 0.7916257465512827052 
0.0625019074068422498 0.7640820895904215648 
0.0664082766197698904 0.7599519638374506725 
0.0781273842585528122 0.7422370503309754230 
0.1797235023041474644 0.7301638700480781452 
0.1807000946073793746 0.7250841487703526544 
0.1914120914334543899 0.7200449236008165110 
0.1919003875850703589 0.6908733031447313877 
0.1953184606463820305 0.6383420836305782053 
0.2031311990722373117 0.6085763741814473882 
0.2050843836787011321 0.5980742154561420332 
0.2109439374980925930 0.5263496874042726814 
0.2187566759239478742 0.4732698390345403960 
0.2187871944334238705 0.4702263849622547731 
0.2226935636463515111 0.4549004165989605219 
0.2265694143498031554 0.4196320444523287674 
0.2343821527756584366 0.3948612053219283657 
0.2353587450788903468 0.3724191524758815874 
0.2421948912015137179 0.3688289377828375404 
0.2431714835047456280 0.3196008078680893649 
0.4092532120731223744 0.3164139190671006463 
0.4092837305825983707 0.3132434791288465359 
0.4131900997955260113 0.2831865840134205614 
0.4133121738334299966 0.2634087307507365638 
0.4149296548356578018 0.2500997546071790922 
0.4150517288735618426 0.2475379227030813922 
0.4150822473830378390 0.2358625257094322525 
0.4151432844019898316 0.2043806816281487915 
0.4210028382213812925 0.1608009181926702558 
0.4229255043183691165 0.1263849009846200744 
0.4248786889248329368 0.1027829651658010573 
0.4268318735312967571 0.0965602737281765211 
0.4287850581377605774 0.0948267185997523077 
0.4297311319315164635 0.0946172618369917062 
0.4307077242347484014 0.0427170651290212852 
0.4326609088412122217 0.0233768856998529742 
0.4375133518478957484 -0.0066208576065922408 
0.4492629779961546665 -0.0082216300688139395 
0.4531388286996063108 -0.0434220096595336544 
0.4531693472090823072 -0.0829266986627933550 
0.4532914212469862925 -0.0842915341678670826 
0.6250190740684224977 -0.1873978037407266484 
0.6250495925778984940 -0.1878685546408281337 
0.6269722586748863735 -0.2073378939924495068 
0.6289254432813501383 -0.2483583737393341151 
0.6328318124942777789 -0.2908312313506558056 
0.6347849971007416547 -0.3200147976741337108 
0.6389355143894772659 -0.3215186345250575228 
0.6406445509201330601 -0.3647932089190760174 
0.6445509201330607008 -0.3857449209125819456 
0.6484572893459883414 -0.3981615209533655442 
0.6523636585589159820 -0.4172925986014101585 
0.8437757499923703719 -0.7071576625353667156 
0.8476821192052980125 -0.7256855819980888578 
