0. 1.0872492615046887021 
0.0002441480758079775 1.0682380851893451545 
0.0039063692129276406 1.0634341688752211308 
0.0078127384258552812 1.0468818360635356868 
0.0078737754448072756 1.0447681367045078549 
0.0083010345774712363 1.0225807649454956572 
0.0156254768517105624 0.9510380407129184199 
0.0312509537034211249 0.9060797003540982386 
0.0341807306131168553 0.9033914391364107344 
0.0371105075228125858 0.8962986569483722965 
0.0468764305551316873 0.8404514214746248157 
0.0469069490646076837 0.8314701728123709001 
0.0585955381939146092 0.7962156987470520031 
0.0625019074068422498 0.7741853358170216470 
0.0625629444257942424 0.7690368394899738114 
0.0859401226844080934 0.7567005842204704846 
0.1875057222205267493 0.7104762694409183510 
0.1953184606463820305 0.6530021037609985424 
0.1992248298593096711 0.6435655664401238596 
0.2031311990722373117 0.6107634288899461694 
0.2109439374980925930 0.5322943604001681983 
0.2187566759239478742 0.4831961351699156082 
0.2265694143498031554 0.4276440930017655351 
0.2285225989562669757 0.4187445347701297948 
0.2290108951078829447 0.4118775349895030247 
0.2343821527756584366 0.3822217659892137576 
0.2421948912015137179 0.3712592891056801791 
0.2441480758079775382 0.3373986526273468622 
0.2503738517410809550 0.3310582789979863438 
0.4101687673574022641 0.3039489663899739846 
0.4106570635090182053 0.2954803187713063717 
0.4123661000396740550 0.2819274028772542628 
0.4133426923429059929 0.2788468807365190871 
0.4179815057832575453 0.1894635770723786805 
0.4189580980864894832 0.1788478654958177427 
0.4199346903897213656 0.1693840484922468637 
0.4221320230719931565 0.1542175671682897986 
0.4257942442091128266 0.1119906368073919911 
0.4300057985168004304 0.1118076283679630689 
0.4336069826349681078 0.0880210129142463410 
0.4338511307107760784 0.0478003602797399674 
0.4345835749382000457 0.0123978084892125088 
0.4375133518478957484 -0.0084441497384011663 
0.4453260902737510296 -0.0433847792196148940 
0.4492324594866786702 -0.0540371590956974165 
0.4531388286996063108 -0.0690578110310605397 
0.6250190740684224977 -0.1829110203022746850 
0.6289254432813501383 -0.2090416444617102243 
0.6328318124942777789 -0.2781966140777278329 
0.6352732932523575959 -0.2864806053862490875 
0.6406445509201330601 -0.3487338766132869194 
0.6425977355265969360 -0.3645049741429784995 
0.6445509201330607008 -0.3787984477251336579 
0.6484572893459883414 -0.4058349536616820963 
0.8437757499923703719 -0.6937483695824012697 
0.8515884884182256531 -0.7266185953527521946 
