0. 2.5353009703833642163 
0.0004882961516159551 2.0226235778412027244 
0.0025330362865077670 1.9872786441164149718 
0.0048524430066835536 1.9594908248923803562 
0.0059205908383434553 1.8662861045614875799 
0.0064088869899594104 1.8355245786987486323 
0.0232856227301858586 1.7631526700001025620 
0.0630817590868861938 1.6410434296734521808 
0.0962858973967711390 1.6359032653982021888 
0.1785637989440595763 1.5943810831879297041 
0.2138737144077883234 1.4852021783784459252 
0.2505874813074129293 1.1052505606858329390 
0.2525406659138767496 1.1024254619730955440 
0.4244819483016449291 1.0052812725483430967 
0.4542374950407422340 0.9963978787883317478 
0.6319772942289498818 0.8294072751955127165 
0.6333811456648457128 0.6268966727762466107 
0.6510208441419721437 0.6007325466010828840 
