0. 2.8179044728558899635 
0.00003051850947599719 2.7120331148777769847 
0.00006103701895199438 2.5633935362943240932 
0.0000915555284279916 2.3243466483753900675 
0.0001831110568559831 2.3175394418050880851 
0.0039979247413556322 2.3111796821460295348 
0.0078737754448072756 2.2003057832243446690 
0.0079958494827112644 2.1453295273649426456 
0.0318002868739890726 2.1281759607165482429 
0.0354930265205847320 2.0935753678799082778 
0.0485854670857875301 2.0850724809563563333 
0.0628681295205542195 1.9555765861787579585 
0.0784936063722647820 1.9044944039903211053 
0.0864894558549760412 1.8898675505400075458 
0.2188177129428998669 1.6253350140246958233 
0.2207098605304116945 1.5728360899714879384 
0.2266304513687551481 1.4972822926792086484 
0.2500686666463209917 1.3362547524871706273 
0.4453871272927030223 1.2389236399894980600 
0.4727317117831965065 1.1571713540301815648 
0.6252327036347544720 0.8729758483008701608 
0.6328928495132297716 0.5836993563897291404 
0.8482924893948179390 0.5053755759894160704 
