0. 2.4899999263346321854 
0.00003051850947599719 2.4474823233570797143 
0.0007019257179479354 2.4323153595229878299 
0.0010376293221839045 2.3907187486031267198 
0.0011291848506118961 2.3873772775528059320 
0.0020447401348918119 2.3815105001540048946 
0.0078127384258552812 2.3606391966983384378 
0.0117191076387829218 2.3449166073876583916 
0.0141605883968626972 2.2514971523639051298 
0.0144047364726706747 2.1828192318262833460 
0.0332346568193609415 2.0540845632609472382 
0.0466933194982757024 1.9482447621359624268 
0.1250038148136844995 1.8409570157215220387 
0.2057557908871730790 1.7841739280736155226 
0.2208014160588396835 1.7571142900458618374 
0.2429578539384136537 1.3999951350346453438 
0.2519913327433088157 1.3233273557864639880 
0.2676168095950193782 1.1974138291076481533 
0.4375133518478957484 1.1620021577295485127 
0.4394970549638355650 1.0705143575930180511 
0.4395580919827875577 0.9973838560069571146 
0.6250190740684224977 0.7321578595362761010 
0.6393627735221412145 0.6883452543662215151 
0.8362071596423230613 0.5321766445367118736 
0.8398693807794427313 0.3761151486483590989 
