0. 2.5615174223856422841 
0.00006103701895199438 2.5293424658370828872 
0.0001220740379039888 2.4376348989970568759 
0.0001831110568559831 2.4198622531261504420 
0.0002746665852839747 2.1754245879442684064 
0.0005493331705679495 2.1186028514049533022 
0.0163579210791344951 1.9715818129505542355 
0.0625019074068422498 1.9050816308366471663 
0.0629902035584582049 1.8585811787976238563 
0.0937528611102633747 1.8550439341558870865 
0.1021149327066866036 1.8492151002155963191 
0.1275063325907162814 1.7478569657163669504 
0.1897946104312265292 1.6658205354292472400 
0.2112186040833765599 1.6634081192072793787 
0.2284615619373149831 1.6448272618402122180 
0.2302926725058748181 1.5740748675588132066 
0.2355723746452223211 1.4863313802438982147 
0.2479934080019531861 1.4093061859768427624 
0.2505569627979369329 1.1673519720255487453 
0.4389782403027436275 1.1355810547890976547 
0.4395275734733115613 1.1124371868032230104 
0.4403820917386394584 1.1066431102147489263 
0.4414502395702993853 1.0561677609847890391 
0.4485610522782067511 0.9827264260424731779 
0.4551530503250221238 0.8010141639713812545 
0.6251411481063264830 0.7932252246141269225 
0.6252327036347544720 0.7323694892653868083 
0.6255073702200384389 0.6656924182574555093 
0.6463209936826684876 0.6598616512843291648 
0.8441419721060823278 0.5789119255490101645 
