0. 1.9836473407328440999 
0.0001220740379039888 1.8861632331346629421 
0.0002136295663319803 1.8248698090273591799 
0.0627155369731742240 1.7776501007123775011 
0.0635395367290261526 1.7279520563332901872 
0.0638142033143101334 1.7041986722938082810 
0.0706198309274575081 1.6667190937180593746 
0.0713827936643574301 1.6190985629499501375 
0.2197943052461317770 1.4602564175712369199 
0.2217780083620715936 1.4090809805465873694 
0.2276070436719870582 1.4023623123159871806 
0.2500076296273689991 1.0088361185721657076 
0.4375133518478957484 0.9787021775751129082 
0.4687643055513168733 0.9500794269724583962 
0.6406445509201330601 0.6924992497932797031 
0.6406750694296090565 0.5289565293655923428 
0.8567155980101931467 0.4369354075756125000 
