0. 2.2614299710705578761 
0.0002441480758079775 2.0967909014257708478 
0.0003051850947599719 2.0895482115874801643 
0.0312509537034211249 1.9369394733308382683 
0.0336924344615009003 1.9364346103627783080 
0.0625019074068422498 1.8971059929537621436 
0.0627460554826502343 1.7065133474211335862 
0.1875057222205267493 1.6638477609511268529 
0.2058168279061250716 1.6455858277683805824 
0.2187566759239478742 1.6127971391098683274 
0.2209540086062196651 1.5682102819145125050 
0.2368236335337382259 1.4308469732144286635 
0.2502517777031769697 1.3488263659490578039 
0.2582171086764122325 1.2503645583736195945 
0.4199346903897213656 1.2053912656255301172 
0.4401989806817834805 0.8865361972783923905 
0.6253242591631824609 0.7869685814445749328 
0.6272164067506943441 0.7568600084895850122 
0.6277657399212622780 0.7200274595616646955 
0.6283150730918302118 0.6962401232374827442 
0.6562700277718436226 0.5455433149949621141 
0.8548844874416333672 0.4726796470754537349 
0.8575701162755211548 0.3859023337471752524 
