0. 2.6891900282348824014 
0.0003662221137119663 2.6684155320407083600 
0.0009765923032319101 2.5997056424752038595 
0.0010071108127079073 2.4215331653191047856 
0.0010986663411358989 2.3069314053966674116 
0.0014038514358958708 2.2874913632474136449 
0.0034791100802636799 2.2813695811385756862 
0.0039063692129276406 2.2413843963825539340 
0.0053102206488235115 2.1294319728437556272 
0.0328684347056489787 1.9392961719556645050 
0.0636310922574541416 1.8736918075186690391 
0.0799890133365886435 1.8699993939495243023 
0.1044953764458143863 1.8473331193488373714 
0.1612598040711691605 1.8036664777628812484 
0.2193975646229438248 1.7167316243432022560 
0.2197637867366557807 1.6235966246055406614 
0.2237922299874874066 1.4971220555580850853 
0.2374340037232581524 1.4541149997494617896 
0.2442091128269295308 1.4536238825185086032 
0.2516251106295968598 1.4497050030466964721 
0.4112369151890621910 1.3027405954920026065 
0.4383983886226996418 1.2049922367661243250 
0.4386425366985076679 1.0808340381957231013 
0.4689168980986968549 0.9937559682026179120 
0.4703817865535447340 0.9713696212508754479 
0.6750083925901059212 0.9662307645403113154 
0.8294015320291756588 0.7218097380738544011 
0.8298898281807916000 0.3592607447089305461 
