0. 2.5444123240055440682 
0.0000915555284279916 2.2808591279202476976 
0.0006714072084719382 2.2692031540864503469 
0.0016785180211798456 2.2080083563640453548 
0.0054933317056794946 2.0309825711280935501 
0.0625019074068422498 1.9858847826597978425 
0.0627460554826502343 1.9123400090816269348 
0.0954313791314432142 1.7560573889729189645 
0.2002929776909695703 1.6368863719808137702 
0.2120120853297524921 1.5523507343024720573 
0.2432630390331736170 1.2884103989999837747 
0.4151432844019898316 1.2100628487797528976 
0.4504226813562425824 0.9795467304583967971 
0.4505447553941465677 0.8527533190671583441 
0.6434522537919248331 0.8326294289166449314 
0.6448561052278206640 0.7421132354887862714 
0.6463209936826684876 0.6226911363635382335 
0.8415173802911465328 0.3863681667808736564 
0.8506729331339457634 0.3723590716463199834 
