0. 2.2477913544219738640 
0.0000915555284279916 2.2393366595370807204 
0.0005798516800439466 2.1414349918712902721 
0.0312509537034211249 2.1209385956422703856 
0.0390636921292764061 2.1095371346904565613 
0.0393078402050843836 2.0666249723052589893 
0.0412610248115482040 1.9457628885660611662 
0.0471816156498916575 1.8989828013398917239 
0.0507827997680593279 1.8954061154489207919 
0.0625934629352702388 1.8554866900091209203 
0.0664387951292458867 1.8099780162010843387 
0.0664998321481978794 1.6644506269700876100 
0.2198553422650837697 1.6369923593187452049 
0.2500076296273689991 1.2922365075151722724 
0.2500991851557969881 1.2674390153332943942 
0.2502822962126529660 1.2345034955729021764 
0.2503433332316049587 1.2228864169043178744 
0.4375133518478957484 1.1294225031451681218 
0.6250190740684224977 1.0927238936372563050 
0.6251106295968504867 0.6408957224585040135 
0.8301950132755516742 0.5025672302490996612 
0.8516495254371776458 0.3592940911173083118 
0.8518021179845576274 0.3380304227601432787 
