0. 2.4656777266446585628 
0.00006103701895199438 2.4100926384949317160 
0.0000915555284279916 2.1994675581860785307 
0.0003051850947599719 2.1364804368127288114 
0.0004272591326639607 2.0411545232989025678 
0.0014954069643238624 2.0303709130645404279 
0.0065614795373393963 2.0223506168544580497 
0.0143131809442426840 2.0038387136025139767 
0.0177312540055543678 1.9806542212325426444 
0.0387279885250404396 1.9686465156023602585 
0.0627155369731742240 1.9420215744802999946 
0.0627765739921262306 1.8788010313537428786 
0.0632038331247901791 1.7600933605357393930 
0.0649739066743980215 1.6546418939257141467 
0.0837122714926602923 1.6506120333699694225 
0.1879634998626666942 1.6289348018140252794 
0.1959593493453779811 1.6261345856011879540 
0.2044740134891811778 1.5401190614542863422 
0.2237311929685354139 1.5367366176591366056 
0.2327646717734305759 1.3477586373141756670 
0.2352671895504623578 1.2683544947202403108 
0.2391735587633899984 1.2479963967398299829 
0.2500686666463209917 1.2470336512973689835 
0.2501907406842249770 1.1889514249923311961 
0.2507095553453169145 1.1669526064399784460 
0.2546159245582445552 1.1120910649675019854 
0.4225287636951811088 1.0744725900840736976 
0.4378795739616077043 0.9386511923883299469 
0.4550614947965941348 0.8500164367062305049 
0.4589678640095217754 0.5946901137620841382 
0.6588335825678274249 0.5195428661986840613 
0.8339793084505752185 0.1115055089321386611 
