0. 2.5907362643029201443 
0.00003051850947599719 2.3902071442591923400 
0.0005188146610919523 2.2826190145946445575 
0.0070192571794793542 2.2321967500474375612 
0.0156254768517105624 2.0037238081184196581 
0.0157475508896145512 1.9471796091687290087 
0.0469985045930356796 1.7665481166441130423 
0.1334574419385357313 1.7502815825014852447 
0.2079531235694448699 1.7139962665144883314 
0.2099063081759086902 1.5934447513245639794 
0.2189092684713278558 1.3975415643624442552 
0.2657551805169835468 1.2927655075951469676 
0.4203924680318613105 1.1691374742377054208 
0.4312875759147923316 1.1143787164796807865 
0.4389782403027436275 0.9921258207151069097 
0.4688863795892208586 0.8824647567719883234 
0.4702291940061647524 0.8629838156809324090 
0.6255378887295144352 0.8493337846840948169 
0.6259346293527023874 0.7343506715487791991 
0.6381115146336252542 0.6767742010109358830 
0.6407361064485610491 0.5040922653139198184 
0.8493301187170018140 0.2546138686023289299 
0.8516190069277016494 0.2344489803634506320 
0.8525955992309335318 0.2182175395213417912 
0.8526566362498855245 0.1714763758825101625 
