0. 2.1306034351213316569 
0.0366222113711966307 2.1178629321201523084 
0.0448011719107638817 2.1089072733994673747 
0.0570696127201147513 2.0428095897858664642 
0.1072115237891781425 2.0405667114730250411 
0.2212591937009796561 1.9434956652504196128 
0.2319711905270546715 1.9160931198658393004 
0.2500076296273689991 1.1694934220222870103 
0.2539139988402966397 1.1179658653824291470 
0.6250190740684224977 1.0957530679428406639 
0.6251411481063264830 1.0159332309046109621 
0.6256294442579424242 0.6780233314949111190 
0.6583452864162114837 0.4751470090420310544 
0.8751487777336954821 0.2998051927559511331 
