0. 2.8531186233416083731 
0.00003051850947599719 2.7122127675260374602 
0.00006103701895199438 2.4269564812325574721 
0.0000915555284279916 2.4195024140461516282 
0.0004882961516159551 2.3137816292717423572 
0.0317697683645130763 2.2249644363778031675 
0.0493484298226874590 2.1488949036027262807 
0.0532242805261391033 2.1230384198381346827 
0.0636310922574541416 1.9894437463829361956 
0.0640583513901181040 1.9450637786947697627 
0.0937833796197393710 1.9385944926295088919 
0.1255226294747764648 1.8777360435960772644 
0.2500076296273689991 1.6620378140639917586 
0.2500381481368449954 1.3914951886818291982 
0.6251411481063264830 1.3112449812677664518 
0.6255073702200384389 0.9511156608066201334 
0.6285897396771141787 0.6092196372539199212 
0.6412854396191289830 0.5863436824390476643 
0.8751792962431714784 0.5491505582173529243 
