0. 2.4875279270670764831 
0.0002441480758079775 2.2482291529836819777 
0.0002746665852839747 2.1510126151799240368 
0.0078127384258552812 2.1386079390055070526 
0.0161137730033265175 2.0575983242305309062 
0.0163579210791344951 2.0387127881969298038 
0.0164189580980864912 2.0354974938789291983 
0.0314951017792291024 1.9173156087943588055 
0.0632648701437421856 1.8544018435520288612 
0.1253700369273964554 1.8121924483565052810 
0.1758781701101718165 1.7655296471727250918 
0.2031311990722373117 1.7624693040466954397 
0.2375865962706381340 1.7342146020977267096 
0.2491531113620410742 1.6249824246256849847 
0.2500381481368449954 1.3651930378554342216 
0.2502517777031769697 1.1867744610770964986 
0.4256416516617328449 1.1643538807544584479 
0.4658955656605731632 0.9554899173456229411 
0.4691000091555528328 0.9453994641994984960 
0.4725791192358165249 0.9280146863789976441 
0.6328318124942777789 0.9144371179839251296 
0.6412854396191289830 0.7170339876580535954 
0.6451612903225806272 0.6803473974722813455 
0.6471144749290445031 0.5514669065321897712 
