0. 1.9868296846175137471 
0.0220038453321939748 1.9305545260567180676 
0.0237128818628498175 1.9105361114662597899 
0.0337229529709768966 1.8777878057188077676 
0.0703146458326975310 1.8625290690751958866 
0.0708029419843134861 1.8586580938984971212 
0.1186559648426770835 1.8481744647435083273 
0.1250038148136844995 1.7638885848484129326 
0.1255836664937284575 1.7599998577862201454 
0.2034058656575212787 1.6061790529869204303 
0.2200079348124637513 1.4539781812411145534 
0.2500076296273689991 1.4227634796728412247 
0.2500381481368449954 1.2883713181148583882 
0.2544022949919125809 1.2838002136059312175 
0.2658772545548875321 1.2233597543224814519 
0.4243598742637409438 1.1353533437100449266 
0.4534745323038422704 0.9995814849342347097 
0.6250190740684224977 0.8480589496194860244 
0.6312753685110019663 0.7988204615940266429 
0.6487319559312723083 0.5282574307026441929 
0.8462477492599261852 0.3563680688282467313 
