0. 3.1007163430827691108 
0.00003051850947599719 3.0809553250578765038 
0.00006103701895199438 2.9630691285978820737 
0.0001220740379039888 2.6783393734179381518 
0.0005493331705679495 2.4921057164567912423 
0.0044251838740195929 2.4798692268723367960 
0.0044557023834955901 2.2651051160440385246 
0.0044862208929715873 2.2450578634993503257 
0.0054017761772515030 2.1777514124893722069 
0.0064394054994354076 2.0533012183155152641 
0.0278939176610614355 1.9254985450371366884 
0.0689413129062776547 1.8338128788048291273 
0.0747398297067171230 1.8217852072553615272 
0.1948301644947660893 1.7997268930374121787 
0.2034363841669972750 1.7176847723213872765 
0.2078310495315408846 1.7033871519304604192 
0.2345042268135624219 1.6958342895883844470 
0.2346873378704183999 1.5961109458519762150 
0.2485427411725211477 1.5687358914280971067 
0.2554704428235725078 1.4688574688941562485 
0.2564165166173283939 1.3682114449246380872 
0.4355601672414319281 1.3299798226786574418 
0.4385204626606036826 1.2688307452984255441 
0.4386120181890316716 1.1943453039375016011 
0.4388561662648396422 1.0801375980845129288 
0.4466689046906949234 0.9772464369717157595 
0.4469435712759788903 0.8866474415313964075 
0.4516739402447584317 0.8565362060893144669 
0.8325754570146793876 0.7129111957985704295 
