0. 2.4860977665712873375 
0.0004882961516159551 2.4095672277808612982 
0.0005188146610919523 2.2539014636245218170 
0.0015259254737998596 2.1681016008155307162 
0.0167546617023224577 1.8707261463860713757 
0.0627460554826502343 1.8664268152465575135 
0.0640278328806421077 1.7882214772046789442 
0.0718710898159733852 1.6868206651417172459 
0.2119510483108004994 1.6762165057310465244 
0.2258064516129032195 1.6243419430440904083 
0.2500076296273689991 1.6226121275245317665 
0.2500686666463209917 1.5128126519200837396 
0.2501907406842249770 1.1055620985837588677 
0.4504531998657185787 1.0288491669586914412 
0.4625080111087374601 0.8987771614446927737 
0.6319772942289498818 0.8249028173282351162 
0.6375926999725333166 0.7351049380366889707 
0.6498001037629321797 0.6636111653333394145 
0.8376415295876948885 0.4702568065777616990 
