0. 2.6259504147886381098 
0.00003051850947599719 2.5655156074180434089 
0.00006103701895199438 2.2239675834768033447 
0.0166936246833704650 2.2096281839878217923 
0.0372936185796685707 2.0841619909189366133 
0.0625019074068422498 1.9884985512191355461 
0.0625629444257942424 1.9765024338033594375 
0.0677205725272377740 1.9759505560144865477 
0.0703756828516495236 1.8678677181814649089 
0.1922360911893063184 1.7661720631645199120 
0.1966307565538499003 1.7306201645535190803 
0.2500076296273689991 1.6164871910271136901 
0.2500381481368449954 1.4195491380596736430 
0.2500686666463209917 1.3532586351186208784 
0.2539750358592486323 1.3410812501786948392 
0.2656636249885555578 1.3370235063081461480 
0.2661519211401714991 1.3175831294022064544 
0.6021301919614245879 1.2635760959171582485 
0.6250801110873744903 1.1954495698457565656 
0.6252021851252784756 1.0629716755034444020 
0.6255989257484664279 0.9261159591211138853 
0.8130436109500411845 0.8233951033079903725 
0.8133793145542771441 0.8168308959403909331 
0.8143559068575090265 0.5693444231721989102 
0.8445387127292702800 0.5236959267989347300 
0.8462172307504501889 0.3541873564290263787 
