0. 2.4269781519043025497 
0.0002441480758079775 2.2069987330268459047 
0.0061037018951994384 2.1863658534042036408 
0.0070802941984313486 2.1804560610532432996 
0.0171819208349864201 2.1660387949242680960 
0.0293282876064333009 2.1430200763232702954 
0.0524613177892391744 2.1036727155003283052 
0.0627460554826502343 1.8792547619873323228 
0.0979033783989989997 1.8601341714448103026 
0.2000183111056856034 1.7670633808065063786 
0.2071291238135929413 1.6920206047025603269 
0.2092349009674367433 1.6642950467344341803 
0.2227546006653035038 1.6109182024606891748 
0.2500686666463209917 1.5634813967031970794 
0.2500991851557969881 1.5012440935248523299 
0.2502517777031769697 1.4216431422388242645 
0.2503128147221289623 1.4110028506545033711 
0.2507400738547929109 1.4045241185304724318 
0.2508011108737449035 1.3964290602439797251 
0.2515640736106448672 1.3375105308161676643 
0.2540055543687246287 1.3355545746958139563 
0.2546464430677205515 1.3292227299785941419 
0.4417554246650593486 1.1209356125258611581 
0.4418774987029633339 1.0768441309250917914 
0.6232795190282907072 0.8687296244031644798 
0.6422620319223608654 0.7629442380085409425 
0.8167058320871608545 0.6968049614663471836 
0.8219244972075563371 0.5696537654202432632 
