0. 2.3329758809062521863 
0.00003051850947599719 2.3312787109447712375 
0.0001220740379039888 2.1635031022418891311 
0.0019531846064638203 2.1219845179925642675 
0.0214850306711020234 2.0379959803304932286 
0.0314035462508011134 2.0085272790019965683 
0.0589312417981505757 1.9560827839995040822 
0.0606402783288064184 1.8997121128153406921 
0.0625019074068422498 1.8705967439750057490 
0.0628681295205542195 1.7948262544039748079 
0.0644856105227820664 1.6805576356859355247 
0.1908017212439344357 1.6375969289994378730 
0.2090517899105807653 1.6074648585880679796 
0.2345652638325144146 1.5448334846331561732 
0.2350535599841303835 1.5123743445800448271 
0.2384105960264900625 1.3671865856227198854 
0.2501602221747489807 1.2633385794783265066 
0.2510147404400769333 0.9986192172432124536 
0.4455092013306070076 0.8557731986101746457 
0.6621295815912351390 0.7207624470330584732 
0.8752098147526474747 0.3505840745637071598 
