0. 2.1617165293509135182 
0.0001220740379039888 1.9282461890233186796 
0.0009765923032319101 1.8399432089356424491 
0.0258796960356456191 1.8047509657307698738 
0.0322275460066530350 1.7848673198304767506 
0.0473647267067476424 1.7564826246624543060 
0.0493179113132114627 1.7500185608887384170 
0.0958281197546311803 1.6641349098493012359 
0.2500076296273689991 1.1610642636455541510 
0.2501907406842249770 1.0113108062948688026 
0.4372081667531357851 0.6242225000664581858 
0.6543473616748558541 0.6133405174203186982 
