1.0000000000000000000 25.0000000000000000000 
2.0000000000000000000 12.5000000000000000000 
3.0000000000000000000 8.0000000000000000000 
4.0000000000000000000 6.0000000000000000000 
5.0000000000000000000 4.7999999999999998224 
6.0000000000000000000 4.3333333333333330373 
7.0000000000000000000 3.4285714285714283811 
8.0000000000000000000 3.2500000000000000000 
9.0000000000000000000 3.1111111111111111604 
10.0000000000000000000 2.7999999999999998224 
11.0000000000000000000 2.5454545454545454142 
12.0000000000000000000 2.3333333333333334814 
13.0000000000000000000 2.1538461538461537437 
14.0000000000000000000 2.0000000000000000000 
15.0000000000000000000 1.8666666666666666963 
16.0000000000000000000 1.5625000000000000000 
17.0000000000000000000 1.4705882352941177515 
18.0000000000000000000 1.3333333333333332593 
19.0000000000000000000 1.2631578947368420351 
20.0000000000000000000 1.1999999999999999556 
21.0000000000000000000 1.1428571428571427937 
22.0000000000000000000 1.0909090909090908283 
23.0000000000000000000 1.0869565217391303769 
24.0000000000000000000 1.0416666666666667407 
25.0000000000000000000 1.0000000000000000000 
27.0000000000000000000 0.9259259259259259300 
