1.0000000000000000000 27.0000000000000000000 
2.0000000000000000000 13.5000000000000000000 
3.0000000000000000000 8.6666666666666660745 
4.0000000000000000000 6.5000000000000000000 
5.0000000000000000000 5.2000000000000001776 
6.0000000000000000000 4.5000000000000000000 
7.0000000000000000000 3.8571428571428572063 
8.0000000000000000000 3.1250000000000000000 
9.0000000000000000000 2.7777777777777776791 
12.0000000000000000000 2.4166666666666665186 
13.0000000000000000000 2.3846153846153845812 
14.0000000000000000000 2.1428571428571427937 
15.0000000000000000000 2.1333333333333333037 
16.0000000000000000000 1.9375000000000000000 
17.0000000000000000000 1.5882352941176469674 
18.0000000000000000000 1.5000000000000000000 
19.0000000000000000000 1.3684210526315789824 
20.0000000000000000000 1.3000000000000000444 
21.0000000000000000000 1.1904761904761904656 
22.0000000000000000000 1.0909090909090908283 
23.0000000000000000000 1.0869565217391303769 
24.0000000000000000000 1.0416666666666667407 
25.0000000000000000000 0.9200000000000000400 
28.0000000000000000000 0.8928571428571429047 
31.0000000000000000000 0.8709677419354838745 
