2.0000000000000000000 16.0000000000000000000 
3.0000000000000000000 10.0000000000000000000 
4.0000000000000000000 7.2500000000000000000 
5.0000000000000000000 5.7999999999999998224 
6.0000000000000000000 4.6666666666666669627 
7.0000000000000000000 4.2857142857142855874 
8.0000000000000000000 3.6250000000000000000 
9.0000000000000000000 3.2222222222222223209 
10.0000000000000000000 3.0000000000000000000 
11.0000000000000000000 2.7272727272727270709 
12.0000000000000000000 2.4166666666666665186 
13.0000000000000000000 2.3076923076923074873 
14.0000000000000000000 2.2857142857142855874 
15.0000000000000000000 2.0000000000000000000 
16.0000000000000000000 1.6250000000000000000 
18.0000000000000000000 1.3888888888888888395 
19.0000000000000000000 1.2105263157894736725 
20.0000000000000000000 1.0500000000000000444 
21.0000000000000000000 1.0000000000000000000 
22.0000000000000000000 0.9545454545454545858 
23.0000000000000000000 0.9130434782608695121 
24.0000000000000000000 0.8750000000000000000 
26.0000000000000000000 0.8461538461538461453 
27.0000000000000000000 0.8148148148148147696 
