1.0000000000000000000 26.0000000000000000000 
2.0000000000000000000 13.0000000000000000000 
3.0000000000000000000 8.6666666666666660745 
4.0000000000000000000 6.7500000000000000000 
5.0000000000000000000 5.4000000000000003553 
6.0000000000000000000 4.6666666666666669627 
7.0000000000000000000 3.8571428571428572063 
8.0000000000000000000 3.1250000000000000000 
9.0000000000000000000 3.1111111111111111604 
10.0000000000000000000 3.0000000000000000000 
11.0000000000000000000 2.8181818181818183433 
12.0000000000000000000 2.5000000000000000000 
13.0000000000000000000 2.3846153846153845812 
14.0000000000000000000 1.9285714285714286031 
15.0000000000000000000 1.8666666666666666963 
16.0000000000000000000 1.7500000000000000000 
17.0000000000000000000 1.4705882352941177515 
19.0000000000000000000 1.2631578947368420351 
21.0000000000000000000 1.2380952380952381375 
22.0000000000000000000 1.1363636363636364646 
23.0000000000000000000 1.0869565217391303769 
24.0000000000000000000 1.0416666666666667407 
25.0000000000000000000 1.0400000000000000355 
26.0000000000000000000 1.0384615384615385469 
27.0000000000000000000 1.0370370370370369795 
28.0000000000000000000 0.9642857142857143016 
30.0000000000000000000 0.9333333333333333481 
