1.0000000000000000000 24.0000000000000000000 
2.0000000000000000000 13.0000000000000000000 
3.0000000000000000000 8.6666666666666660745 
4.0000000000000000000 6.2500000000000000000 
5.0000000000000000000 5.2000000000000001776 
6.0000000000000000000 4.5000000000000000000 
7.0000000000000000000 4.0000000000000000000 
8.0000000000000000000 3.3750000000000000000 
9.0000000000000000000 3.2222222222222223209 
10.0000000000000000000 2.7999999999999998224 
12.0000000000000000000 2.4166666666666665186 
13.0000000000000000000 2.3846153846153845812 
14.0000000000000000000 2.0714285714285716189 
15.0000000000000000000 1.8000000000000000444 
16.0000000000000000000 1.7500000000000000000 
17.0000000000000000000 1.4705882352941177515 
18.0000000000000000000 1.3888888888888888395 
19.0000000000000000000 1.2105263157894736725 
20.0000000000000000000 1.1999999999999999556 
21.0000000000000000000 1.0952380952380953438 
22.0000000000000000000 1.0909090909090908283 
23.0000000000000000000 0.9565217391304348116 
25.0000000000000000000 0.8800000000000000044 
26.0000000000000000000 0.8461538461538461453 
28.0000000000000000000 0.8214285714285713968 
