1.0000000000000000000 23.0000000000000000000 
2.0000000000000000000 11.5000000000000000000 
3.0000000000000000000 7.6666666666666669627 
4.0000000000000000000 6.0000000000000000000 
5.0000000000000000000 4.7999999999999998224 
6.0000000000000000000 4.0000000000000000000 
7.0000000000000000000 3.7142857142857144126 
8.0000000000000000000 3.1250000000000000000 
9.0000000000000000000 3.0000000000000000000 
10.0000000000000000000 2.7000000000000001776 
11.0000000000000000000 2.4545454545454545858 
12.0000000000000000000 2.2500000000000000000 
14.0000000000000000000 1.9285714285714286031 
15.0000000000000000000 1.8000000000000000444 
16.0000000000000000000 1.6250000000000000000 
17.0000000000000000000 1.4117647058823530326 
18.0000000000000000000 1.2222222222222223209 
19.0000000000000000000 1.1578947368421053099 
20.0000000000000000000 1.1499999999999999112 
21.0000000000000000000 1.0952380952380953438 
22.0000000000000000000 0.9545454545454545858 
23.0000000000000000000 0.9130434782608695121 
