1.0000000000000000000 26.0000000000000000000 
2.0000000000000000000 13.0000000000000000000 
3.0000000000000000000 8.6666666666666660745 
4.0000000000000000000 6.2500000000000000000 
5.0000000000000000000 5.0000000000000000000 
6.0000000000000000000 4.3333333333333330373 
7.0000000000000000000 3.8571428571428572063 
8.0000000000000000000 3.2500000000000000000 
10.0000000000000000000 2.8999999999999999112 
11.0000000000000000000 2.8181818181818183433 
12.0000000000000000000 2.5000000000000000000 
14.0000000000000000000 2.1428571428571427937 
15.0000000000000000000 1.8000000000000000444 
16.0000000000000000000 1.6250000000000000000 
17.0000000000000000000 1.4705882352941177515 
18.0000000000000000000 1.3888888888888888395 
19.0000000000000000000 1.3684210526315789824 
20.0000000000000000000 1.1999999999999999556 
21.0000000000000000000 1.1428571428571427937 
23.0000000000000000000 1.0434782608695651884 
24.0000000000000000000 1.0416666666666667407 
25.0000000000000000000 1.0000000000000000000 
26.0000000000000000000 0.9230769230769231282 
30.0000000000000000000 0.9000000000000000222 
