1.0000000000000000000 24.0000000000000000000 
2.0000000000000000000 12.0000000000000000000 
3.0000000000000000000 8.0000000000000000000 
4.0000000000000000000 6.0000000000000000000 
5.0000000000000000000 4.7999999999999998224 
6.0000000000000000000 4.0000000000000000000 
7.0000000000000000000 3.2857142857142855874 
8.0000000000000000000 3.1250000000000000000 
9.0000000000000000000 3.0000000000000000000 
10.0000000000000000000 2.5000000000000000000 
13.0000000000000000000 2.0769230769230770939 
15.0000000000000000000 1.8000000000000000444 
16.0000000000000000000 1.4375000000000000000 
17.0000000000000000000 1.4117647058823530326 
18.0000000000000000000 1.2222222222222223209 
19.0000000000000000000 1.1578947368421053099 
20.0000000000000000000 1.1000000000000000888 
21.0000000000000000000 1.0952380952380953438 
22.0000000000000000000 1.0454545454545454142 
23.0000000000000000000 1.0000000000000000000 
25.0000000000000000000 0.9200000000000000400 
26.0000000000000000000 0.8846153846153845812 
27.0000000000000000000 0.8148148148148147696 
