1.0000000000000000000 25.0000000000000000000 
2.0000000000000000000 12.5000000000000000000 
3.0000000000000000000 8.0000000000000000000 
4.0000000000000000000 6.5000000000000000000 
5.0000000000000000000 5.2000000000000001776 
6.0000000000000000000 4.5000000000000000000 
7.0000000000000000000 3.8571428571428572063 
8.0000000000000000000 3.6250000000000000000 
9.0000000000000000000 3.4444444444444446418 
10.0000000000000000000 3.2000000000000001776 
11.0000000000000000000 2.6363636363636362425 
12.0000000000000000000 2.4166666666666665186 
13.0000000000000000000 2.0000000000000000000 
14.0000000000000000000 1.6428571428571427937 
17.0000000000000000000 1.2941176470588235947 
18.0000000000000000000 1.2222222222222223209 
19.0000000000000000000 1.2105263157894736725 
20.0000000000000000000 1.1499999999999999112 
21.0000000000000000000 1.1428571428571427937 
22.0000000000000000000 1.0454545454545454142 
23.0000000000000000000 1.0000000000000000000 
25.0000000000000000000 0.9200000000000000400 
27.0000000000000000000 0.8888888888888888395 
