1.0000000000000000000 27.0000000000000000000 
2.0000000000000000000 13.5000000000000000000 
3.0000000000000000000 8.6666666666666660745 
4.0000000000000000000 6.5000000000000000000 
5.0000000000000000000 5.5999999999999996447 
6.0000000000000000000 4.6666666666666669627 
7.0000000000000000000 4.0000000000000000000 
8.0000000000000000000 3.7500000000000000000 
9.0000000000000000000 3.2222222222222223209 
10.0000000000000000000 3.1000000000000000888 
11.0000000000000000000 2.8181818181818183433 
12.0000000000000000000 2.6666666666666665186 
13.0000000000000000000 2.1538461538461537437 
14.0000000000000000000 2.0000000000000000000 
15.0000000000000000000 1.8666666666666666963 
16.0000000000000000000 1.6250000000000000000 
17.0000000000000000000 1.4705882352941177515 
18.0000000000000000000 1.3333333333333332593 
19.0000000000000000000 1.2105263157894736725 
20.0000000000000000000 1.1000000000000000888 
21.0000000000000000000 1.0000000000000000000 
22.0000000000000000000 0.9545454545454545858 
23.0000000000000000000 0.8695652173913043237 
24.0000000000000000000 0.8333333333333333703 
25.0000000000000000000 0.8000000000000000444 
26.0000000000000000000 0.7692307692307692735 
