1.0000000000000000000 24.0000000000000000000 
2.0000000000000000000 12.0000000000000000000 
3.0000000000000000000 8.0000000000000000000 
4.0000000000000000000 5.7500000000000000000 
5.0000000000000000000 4.7999999999999998224 
6.0000000000000000000 4.1666666666666669627 
7.0000000000000000000 3.5714285714285716189 
8.0000000000000000000 3.5000000000000000000 
9.0000000000000000000 3.1111111111111111604 
10.0000000000000000000 2.7999999999999998224 
11.0000000000000000000 2.5454545454545454142 
12.0000000000000000000 2.2500000000000000000 
13.0000000000000000000 1.8461538461538462563 
15.0000000000000000000 1.8000000000000000444 
16.0000000000000000000 1.6250000000000000000 
17.0000000000000000000 1.4117647058823530326 
18.0000000000000000000 1.3333333333333332593 
19.0000000000000000000 1.2105263157894736725 
20.0000000000000000000 1.1000000000000000888 
21.0000000000000000000 1.0476190476190476719 
22.0000000000000000000 0.9090909090909090606 
