1.0000000000000000000 28.0000000000000000000 
2.0000000000000000000 13.0000000000000000000 
3.0000000000000000000 9.6666666666666660745 
4.0000000000000000000 7.2500000000000000000 
5.0000000000000000000 5.5999999999999996447 
6.0000000000000000000 4.5000000000000000000 
7.0000000000000000000 3.7142857142857144126 
8.0000000000000000000 3.5000000000000000000 
9.0000000000000000000 3.2222222222222223209 
10.0000000000000000000 2.8999999999999999112 
11.0000000000000000000 2.4545454545454545858 
12.0000000000000000000 2.4166666666666665186 
13.0000000000000000000 2.3076923076923074873 
14.0000000000000000000 2.2142857142857144126 
15.0000000000000000000 2.0000000000000000000 
16.0000000000000000000 1.6250000000000000000 
17.0000000000000000000 1.5882352941176469674 
18.0000000000000000000 1.4444444444444444198 
19.0000000000000000000 1.4210526315789473450 
20.0000000000000000000 1.2500000000000000000 
21.0000000000000000000 1.2380952380952381375 
22.0000000000000000000 1.1818181818181818787 
23.0000000000000000000 1.1304347826086955653 
24.0000000000000000000 1.0416666666666667407 
25.0000000000000000000 1.0400000000000000355 
26.0000000000000000000 0.9615384615384615641 
28.0000000000000000000 0.9285714285714286031 
