1.0000000000000000000 24.0000000000000000000 
2.0000000000000000000 12.0000000000000000000 
3.0000000000000000000 8.0000000000000000000 
4.0000000000000000000 6.2500000000000000000 
5.0000000000000000000 4.7999999999999998224 
6.0000000000000000000 4.0000000000000000000 
7.0000000000000000000 3.5714285714285716189 
8.0000000000000000000 3.1250000000000000000 
9.0000000000000000000 2.7777777777777776791 
10.0000000000000000000 2.6000000000000000888 
12.0000000000000000000 2.2500000000000000000 
13.0000000000000000000 2.1538461538461537437 
14.0000000000000000000 2.1428571428571427937 
15.0000000000000000000 1.8666666666666666963 
16.0000000000000000000 1.6250000000000000000 
17.0000000000000000000 1.5294117647058822484 
19.0000000000000000000 1.3157894736842106198 
20.0000000000000000000 1.3000000000000000444 
21.0000000000000000000 1.1904761904761904656 
22.0000000000000000000 1.0909090909090908283 
24.0000000000000000000 1.0833333333333332593 
25.0000000000000000000 1.0400000000000000355 
27.0000000000000000000 1.0000000000000000000 
