1.0000000000000000000 24.0000000000000000000 
2.0000000000000000000 11.0000000000000000000 
3.0000000000000000000 7.3333333333333330373 
4.0000000000000000000 5.5000000000000000000 
5.0000000000000000000 4.5999999999999996447 
6.0000000000000000000 3.8333333333333334814 
7.0000000000000000000 3.2857142857142855874 
9.0000000000000000000 3.1111111111111111604 
10.0000000000000000000 2.7999999999999998224 
12.0000000000000000000 2.5833333333333334814 
13.0000000000000000000 2.3076923076923074873 
14.0000000000000000000 2.0000000000000000000 
16.0000000000000000000 1.6875000000000000000 
17.0000000000000000000 1.6470588235294116863 
18.0000000000000000000 1.5000000000000000000 
19.0000000000000000000 1.3684210526315789824 
20.0000000000000000000 1.3000000000000000444 
21.0000000000000000000 1.1904761904761904656 
22.0000000000000000000 1.0909090909090908283 
23.0000000000000000000 1.0434782608695651884 
26.0000000000000000000 1.0384615384615385469 
27.0000000000000000000 1.0370370370370369795 
28.0000000000000000000 0.9642857142857143016 
