1.0000000000000000000 24.0000000000000000000 
2.0000000000000000000 11.5000000000000000000 
3.0000000000000000000 7.6666666666666669627 
4.0000000000000000000 5.7500000000000000000 
5.0000000000000000000 4.7999999999999998224 
6.0000000000000000000 4.0000000000000000000 
7.0000000000000000000 3.4285714285714283811 
8.0000000000000000000 2.8750000000000000000 
9.0000000000000000000 2.7777777777777776791 
10.0000000000000000000 2.5000000000000000000 
11.0000000000000000000 2.2727272727272729291 
14.0000000000000000000 2.0000000000000000000 
15.0000000000000000000 1.8000000000000000444 
17.0000000000000000000 1.5294117647058822484 
18.0000000000000000000 1.5000000000000000000 
19.0000000000000000000 1.3684210526315789824 
20.0000000000000000000 1.3000000000000000444 
21.0000000000000000000 1.1428571428571427937 
22.0000000000000000000 1.0454545454545454142 
24.0000000000000000000 1.0000000000000000000 
25.0000000000000000000 0.9599999999999999645 
