1.0000000000000000000 24.0000000000000000000 
2.0000000000000000000 12.0000000000000000000 
3.0000000000000000000 8.0000000000000000000 
4.0000000000000000000 6.5000000000000000000 
5.0000000000000000000 5.0000000000000000000 
6.0000000000000000000 4.1666666666666669627 
7.0000000000000000000 3.7142857142857144126 
8.0000000000000000000 3.5000000000000000000 
9.0000000000000000000 3.0000000000000000000 
11.0000000000000000000 2.7272727272727270709 
12.0000000000000000000 2.5833333333333334814 
13.0000000000000000000 2.4615384615384616751 
14.0000000000000000000 2.2142857142857144126 
15.0000000000000000000 1.9333333333333333481 
16.0000000000000000000 1.6250000000000000000 
17.0000000000000000000 1.5294117647058822484 
18.0000000000000000000 1.4444444444444444198 
19.0000000000000000000 1.3684210526315789824 
20.0000000000000000000 1.3000000000000000444 
21.0000000000000000000 1.1904761904761904656 
22.0000000000000000000 1.1363636363636364646 
23.0000000000000000000 1.0869565217391303769 
24.0000000000000000000 1.0000000000000000000 
26.0000000000000000000 0.9615384615384615641 
28.0000000000000000000 0.9285714285714286031 
