1.0000000000000000000 23.0000000000000000000 
2.0000000000000000000 11.0000000000000000000 
3.0000000000000000000 7.3333333333333330373 
4.0000000000000000000 5.5000000000000000000 
5.0000000000000000000 4.4000000000000003553 
6.0000000000000000000 4.0000000000000000000 
7.0000000000000000000 3.4285714285714283811 
8.0000000000000000000 3.2500000000000000000 
9.0000000000000000000 2.7777777777777776791 
11.0000000000000000000 2.7272727272727270709 
12.0000000000000000000 2.4166666666666665186 
13.0000000000000000000 2.2307692307692308375 
14.0000000000000000000 2.0000000000000000000 
15.0000000000000000000 1.9333333333333333481 
16.0000000000000000000 1.6875000000000000000 
17.0000000000000000000 1.5882352941176469674 
18.0000000000000000000 1.3333333333333332593 
19.0000000000000000000 1.3157894736842106198 
20.0000000000000000000 1.1499999999999999112 
21.0000000000000000000 1.1428571428571427937 
22.0000000000000000000 1.0000000000000000000 
