1.0000000000000000000 24.0000000000000000000 
2.0000000000000000000 11.0000000000000000000 
3.0000000000000000000 7.6666666666666669627 
4.0000000000000000000 5.7500000000000000000 
5.0000000000000000000 4.5999999999999996447 
6.0000000000000000000 4.0000000000000000000 
7.0000000000000000000 3.4285714285714283811 
8.0000000000000000000 3.1250000000000000000 
9.0000000000000000000 3.0000000000000000000 
10.0000000000000000000 2.8999999999999999112 
11.0000000000000000000 2.3636363636363637575 
13.0000000000000000000 2.3076923076923074873 
14.0000000000000000000 2.1428571428571427937 
15.0000000000000000000 1.8000000000000000444 
16.0000000000000000000 1.6250000000000000000 
17.0000000000000000000 1.5294117647058822484 
18.0000000000000000000 1.3333333333333332593 
20.0000000000000000000 1.3000000000000000444 
21.0000000000000000000 1.1904761904761904656 
22.0000000000000000000 1.0909090909090908283 
23.0000000000000000000 1.0434782608695651884 
25.0000000000000000000 1.0000000000000000000 
27.0000000000000000000 0.9629629629629629095 
