1.0000000000000000000 25.0000000000000000000 
2.0000000000000000000 12.0000000000000000000 
3.0000000000000000000 7.6666666666666669627 
4.0000000000000000000 6.0000000000000000000 
5.0000000000000000000 4.7999999999999998224 
6.0000000000000000000 4.1666666666666669627 
7.0000000000000000000 3.5714285714285716189 
8.0000000000000000000 3.2500000000000000000 
9.0000000000000000000 2.8888888888888888395 
11.0000000000000000000 2.6363636363636362425 
12.0000000000000000000 2.5000000000000000000 
13.0000000000000000000 2.3076923076923074873 
14.0000000000000000000 2.0714285714285716189 
15.0000000000000000000 1.8000000000000000444 
16.0000000000000000000 1.6875000000000000000 
17.0000000000000000000 1.4705882352941177515 
18.0000000000000000000 1.3888888888888888395 
19.0000000000000000000 1.2105263157894736725 
21.0000000000000000000 1.1904761904761904656 
22.0000000000000000000 1.1363636363636364646 
23.0000000000000000000 1.0869565217391303769 
24.0000000000000000000 1.0416666666666667407 
25.0000000000000000000 0.9200000000000000400 
