1.0000000000000000000 25.0000000000000000000 
2.0000000000000000000 12.5000000000000000000 
3.0000000000000000000 8.6666666666666660745 
4.0000000000000000000 6.7500000000000000000 
5.0000000000000000000 5.0000000000000000000 
6.0000000000000000000 4.1666666666666669627 
7.0000000000000000000 4.0000000000000000000 
8.0000000000000000000 3.5000000000000000000 
9.0000000000000000000 2.8888888888888888395 
11.0000000000000000000 2.3636363636363637575 
14.0000000000000000000 2.3571428571428572063 
15.0000000000000000000 1.7333333333333333925 
16.0000000000000000000 1.5000000000000000000 
17.0000000000000000000 1.4117647058823530326 
18.0000000000000000000 1.2777777777777776791 
19.0000000000000000000 1.1578947368421053099 
20.0000000000000000000 1.1000000000000000888 
21.0000000000000000000 1.0952380952380953438 
22.0000000000000000000 1.0454545454545454142 
23.0000000000000000000 1.0000000000000000000 
24.0000000000000000000 0.9583333333333333703 
