1.0000000000000000000 27.0000000000000000000 
2.0000000000000000000 10.0000000000000000000 
3.0000000000000000000 7.0000000000000000000 
4.0000000000000000000 5.0000000000000000000 
5.0000000000000000000 3.7999999999999998224 
6.0000000000000000000 3.1666666666666665186 
7.0000000000000000000 2.8571428571428572063 
8.0000000000000000000 2.3750000000000000000 
9.0000000000000000000 2.0000000000000000000 
10.0000000000000000000 1.8999999999999999112 
11.0000000000000000000 1.5454545454545454142 
14.0000000000000000000 1.5000000000000000000 
15.0000000000000000000 1.3999999999999999112 
