2.0000000000000000000 14.5000000000000000000 
3.0000000000000000000 8.6666666666666660745 
4.0000000000000000000 6.7500000000000000000 
5.0000000000000000000 4.5999999999999996447 
6.0000000000000000000 4.3333333333333330373 
7.0000000000000000000 3.5714285714285716189 
8.0000000000000000000 3.1250000000000000000 
9.0000000000000000000 2.7777777777777776791 
10.0000000000000000000 2.6000000000000000888 
11.0000000000000000000 2.2727272727272729291 
12.0000000000000000000 2.1666666666666665186 
13.0000000000000000000 2.0769230769230770939 
14.0000000000000000000 2.0000000000000000000 
15.0000000000000000000 1.8666666666666666963 
16.0000000000000000000 1.6875000000000000000 
