1.0000000000000000000 45.0000000000000000000 
2.0000000000000000000 15.5000000000000000000 
3.0000000000000000000 8.3333333333333339254 
4.0000000000000000000 5.7500000000000000000 
5.0000000000000000000 4.4000000000000003553 
6.0000000000000000000 3.6666666666666665186 
7.0000000000000000000 3.1428571428571427937 
8.0000000000000000000 2.6250000000000000000 
9.0000000000000000000 2.4444444444444446418 
10.0000000000000000000 2.1000000000000000888 
11.0000000000000000000 1.9090909090909091716 
13.0000000000000000000 1.7692307692307691624 
14.0000000000000000000 1.6428571428571427937 
15.0000000000000000000 1.6000000000000000888 
16.0000000000000000000 1.5625000000000000000 
17.0000000000000000000 1.4705882352941177515 
