1.0000000000000000000 33.0000000000000000000 
2.0000000000000000000 15.0000000000000000000 
3.0000000000000000000 9.3333333333333339254 
4.0000000000000000000 6.0000000000000000000 
5.0000000000000000000 4.7999999999999998224 
6.0000000000000000000 3.6666666666666665186 
7.0000000000000000000 3.5714285714285716189 
8.0000000000000000000 3.0000000000000000000 
10.0000000000000000000 2.6000000000000000888 
11.0000000000000000000 2.3636363636363637575 
12.0000000000000000000 2.3333333333333334814 
13.0000000000000000000 2.0000000000000000000 
15.0000000000000000000 1.7333333333333333925 
