1.0000000000000000000 35.0000000000000000000 
2.0000000000000000000 13.0000000000000000000 
3.0000000000000000000 8.6666666666666660745 
4.0000000000000000000 5.5000000000000000000 
5.0000000000000000000 4.5999999999999996447 
6.0000000000000000000 4.0000000000000000000 
7.0000000000000000000 3.4285714285714283811 
8.0000000000000000000 2.7500000000000000000 
9.0000000000000000000 2.6666666666666665186 
10.0000000000000000000 2.5000000000000000000 
11.0000000000000000000 2.2727272727272729291 
12.0000000000000000000 2.0833333333333334814 
13.0000000000000000000 1.8461538461538462563 
15.0000000000000000000 1.6000000000000000888 
19.0000000000000000000 1.5263157894736842923 
