1.0000000000000000000 44.0000000000000000000 
2.0000000000000000000 13.5000000000000000000 
3.0000000000000000000 9.6666666666666660745 
4.0000000000000000000 6.7500000000000000000 
5.0000000000000000000 5.0000000000000000000 
6.0000000000000000000 4.1666666666666669627 
7.0000000000000000000 3.4285714285714283811 
8.0000000000000000000 3.1250000000000000000 
9.0000000000000000000 2.7777777777777776791 
10.0000000000000000000 2.5000000000000000000 
11.0000000000000000000 2.3636363636363637575 
12.0000000000000000000 2.3333333333333334814 
13.0000000000000000000 2.1538461538461537437 
15.0000000000000000000 2.1333333333333333037 
16.0000000000000000000 1.8750000000000000000 
18.0000000000000000000 1.7777777777777776791 
25.0000000000000000000 1.5600000000000000533 
