2.0000000000000000000 14.0000000000000000000 
3.0000000000000000000 8.3333333333333339254 
4.0000000000000000000 6.0000000000000000000 
5.0000000000000000000 4.5999999999999996447 
6.0000000000000000000 3.6666666666666665186 
7.0000000000000000000 3.1428571428571427937 
8.0000000000000000000 2.7500000000000000000 
9.0000000000000000000 2.6666666666666665186 
10.0000000000000000000 2.2000000000000001776 
11.0000000000000000000 2.0909090909090908283 
12.0000000000000000000 2.0000000000000000000 
13.0000000000000000000 1.9230769230769231282 
16.0000000000000000000 1.8125000000000000000 
18.0000000000000000000 1.7777777777777776791 
20.0000000000000000000 1.6000000000000000888 
