2.0000000000000000000 15.0000000000000000000 
3.0000000000000000000 8.3333333333333339254 
4.0000000000000000000 6.5000000000000000000 
5.0000000000000000000 5.0000000000000000000 
6.0000000000000000000 4.0000000000000000000 
7.0000000000000000000 3.4285714285714283811 
8.0000000000000000000 2.8750000000000000000 
9.0000000000000000000 2.6666666666666665186 
10.0000000000000000000 2.3999999999999999112 
11.0000000000000000000 2.1818181818181816567 
12.0000000000000000000 2.1666666666666665186 
13.0000000000000000000 2.0000000000000000000 
14.0000000000000000000 1.7142857142857141905 
19.0000000000000000000 1.6842105263157893802 
20.0000000000000000000 1.6000000000000000888 
