2.0000000000000000000 13.5000000000000000000 
3.0000000000000000000 7.6666666666666669627 
4.0000000000000000000 5.2500000000000000000 
5.0000000000000000000 4.7999999999999998224 
6.0000000000000000000 4.0000000000000000000 
7.0000000000000000000 3.1428571428571427937 
8.0000000000000000000 3.0000000000000000000 
9.0000000000000000000 2.6666666666666665186 
10.0000000000000000000 2.3999999999999999112 
11.0000000000000000000 2.0909090909090908283 
12.0000000000000000000 1.8333333333333332593 
13.0000000000000000000 1.7692307692307691624 
14.0000000000000000000 1.6428571428571427937 
15.0000000000000000000 1.6000000000000000888 
