2.0000000000000000000 14.0000000000000000000 
3.0000000000000000000 9.0000000000000000000 
4.0000000000000000000 6.7500000000000000000 
5.0000000000000000000 5.5999999999999996447 
6.0000000000000000000 4.0000000000000000000 
7.0000000000000000000 3.7142857142857144126 
8.0000000000000000000 3.0000000000000000000 
9.0000000000000000000 2.6666666666666665186 
11.0000000000000000000 2.5454545454545454142 
12.0000000000000000000 2.0000000000000000000 
16.0000000000000000000 1.9375000000000000000 
17.0000000000000000000 1.8823529411764705621 
18.0000000000000000000 1.7777777777777776791 
19.0000000000000000000 1.6842105263157893802 
23.0000000000000000000 1.6086956521739130821 
