1.0000000000000000000 33.0000000000000000000 
2.0000000000000000000 13.0000000000000000000 
3.0000000000000000000 7.3333333333333330373 
4.0000000000000000000 5.5000000000000000000 
5.0000000000000000000 4.5999999999999996447 
6.0000000000000000000 3.8333333333333334814 
7.0000000000000000000 3.1428571428571427937 
8.0000000000000000000 2.8750000000000000000 
9.0000000000000000000 2.4444444444444446418 
10.0000000000000000000 2.2000000000000001776 
11.0000000000000000000 2.0909090909090908283 
12.0000000000000000000 1.8333333333333332593 
13.0000000000000000000 1.7692307692307691624 
15.0000000000000000000 1.6000000000000000888 
19.0000000000000000000 1.5789473684210526549 
20.0000000000000000000 1.5500000000000000444 
