1.0000000000000000000 37.0000000000000000000 
2.0000000000000000000 15.5000000000000000000 
3.0000000000000000000 7.3333333333333330373 
4.0000000000000000000 5.7500000000000000000 
5.0000000000000000000 4.5999999999999996447 
6.0000000000000000000 3.8333333333333334814 
7.0000000000000000000 3.2857142857142855874 
8.0000000000000000000 2.8750000000000000000 
9.0000000000000000000 2.5555555555555553582 
10.0000000000000000000 2.2999999999999998224 
11.0000000000000000000 2.0000000000000000000 
12.0000000000000000000 1.8333333333333332593 
14.0000000000000000000 1.7142857142857141905 
18.0000000000000000000 1.4444444444444444198 
