2.0000000000000000000 10.5000000000000000000 
3.0000000000000000000 7.0000000000000000000 
4.0000000000000000000 5.0000000000000000000 
5.0000000000000000000 3.7999999999999998224 
6.0000000000000000000 3.1666666666666665186 
7.0000000000000000000 2.7142857142857144126 
8.0000000000000000000 2.3750000000000000000 
9.0000000000000000000 2.1111111111111111604 
10.0000000000000000000 1.8999999999999999112 
11.0000000000000000000 1.7272727272727272929 
12.0000000000000000000 1.6666666666666667407 
13.0000000000000000000 1.5384615384615385469 
14.0000000000000000000 1.5000000000000000000 
