2.0000000000000000000 15.5000000000000000000 
3.0000000000000000000 9.0000000000000000000 
4.0000000000000000000 5.2500000000000000000 
5.0000000000000000000 4.4000000000000003553 
6.0000000000000000000 3.5000000000000000000 
7.0000000000000000000 3.0000000000000000000 
8.0000000000000000000 2.6250000000000000000 
9.0000000000000000000 2.3333333333333334814 
10.0000000000000000000 2.2000000000000001776 
11.0000000000000000000 2.1818181818181816567 
12.0000000000000000000 1.9166666666666667407 
14.0000000000000000000 1.7142857142857141905 
16.0000000000000000000 1.6875000000000000000 
