1.0000000000000000000 38.0000000000000000000 
2.0000000000000000000 14.0000000000000000000 
3.0000000000000000000 8.0000000000000000000 
4.0000000000000000000 5.7500000000000000000 
5.0000000000000000000 4.5999999999999996447 
6.0000000000000000000 4.0000000000000000000 
7.0000000000000000000 3.2857142857142855874 
8.0000000000000000000 2.8750000000000000000 
9.0000000000000000000 2.6666666666666665186 
10.0000000000000000000 2.2999999999999998224 
11.0000000000000000000 2.2727272727272729291 
12.0000000000000000000 2.0833333333333334814 
13.0000000000000000000 2.0000000000000000000 
14.0000000000000000000 1.9285714285714286031 
15.0000000000000000000 1.6666666666666667407 
18.0000000000000000000 1.6111111111111111604 
