1.0000000000000000000 38.0000000000000000000 
2.0000000000000000000 12.0000000000000000000 
3.0000000000000000000 8.0000000000000000000 
4.0000000000000000000 6.0000000000000000000 
5.0000000000000000000 4.4000000000000003553 
6.0000000000000000000 3.6666666666666665186 
7.0000000000000000000 3.0000000000000000000 
8.0000000000000000000 2.5000000000000000000 
9.0000000000000000000 2.3333333333333334814 
10.0000000000000000000 2.2000000000000001776 
11.0000000000000000000 1.9090909090909091716 
12.0000000000000000000 1.5833333333333332593 
13.0000000000000000000 1.4615384615384614531 
14.0000000000000000000 1.3571428571428572063 
