1.0000000000000000000 34.0000000000000000000 
2.0000000000000000000 16.5000000000000000000 
3.0000000000000000000 9.0000000000000000000 
4.0000000000000000000 6.5000000000000000000 
5.0000000000000000000 5.4000000000000003553 
6.0000000000000000000 4.5000000000000000000 
7.0000000000000000000 3.8571428571428572063 
8.0000000000000000000 3.1250000000000000000 
9.0000000000000000000 2.8888888888888888395 
10.0000000000000000000 2.7000000000000001776 
11.0000000000000000000 2.2727272727272729291 
12.0000000000000000000 2.2500000000000000000 
13.0000000000000000000 2.0769230769230770939 
14.0000000000000000000 1.9285714285714286031 
15.0000000000000000000 1.8000000000000000444 
16.0000000000000000000 1.6875000000000000000 
