2.0000000000000000000 12.5000000000000000000 
3.0000000000000000000 8.3333333333333339254 
4.0000000000000000000 5.5000000000000000000 
5.0000000000000000000 4.5999999999999996447 
6.0000000000000000000 3.8333333333333334814 
7.0000000000000000000 3.1428571428571427937 
8.0000000000000000000 2.7500000000000000000 
9.0000000000000000000 2.5555555555555553582 
10.0000000000000000000 2.2000000000000001776 
11.0000000000000000000 2.0909090909090908283 
12.0000000000000000000 2.0000000000000000000 
13.0000000000000000000 1.7692307692307691624 
14.0000000000000000000 1.7142857142857141905 
15.0000000000000000000 1.5333333333333334369 
16.0000000000000000000 1.4375000000000000000 
