1.0000000000000000000 37.0000000000000000000 
2.0000000000000000000 13.0000000000000000000 
3.0000000000000000000 8.0000000000000000000 
4.0000000000000000000 5.5000000000000000000 
5.0000000000000000000 4.4000000000000003553 
6.0000000000000000000 3.6666666666666665186 
7.0000000000000000000 2.7142857142857144126 
8.0000000000000000000 2.5000000000000000000 
9.0000000000000000000 2.4444444444444446418 
10.0000000000000000000 2.2999999999999998224 
11.0000000000000000000 2.0909090909090908283 
12.0000000000000000000 2.0833333333333334814 
13.0000000000000000000 1.8461538461538462563 
17.0000000000000000000 1.7647058823529411242 
22.0000000000000000000 1.7272727272727272929 
