1.0000000000000000000 35.0000000000000000000 
2.0000000000000000000 13.5000000000000000000 
3.0000000000000000000 8.3333333333333339254 
4.0000000000000000000 5.0000000000000000000 
5.0000000000000000000 4.0000000000000000000 
6.0000000000000000000 3.0000000000000000000 
7.0000000000000000000 2.5714285714285716189 
8.0000000000000000000 2.5000000000000000000 
9.0000000000000000000 2.2222222222222223209 
10.0000000000000000000 2.1000000000000000888 
11.0000000000000000000 1.8181818181818181213 
12.0000000000000000000 1.7500000000000000000 
13.0000000000000000000 1.6923076923076922906 
14.0000000000000000000 1.6428571428571427937 
16.0000000000000000000 1.6250000000000000000 
17.0000000000000000000 1.5294117647058822484 
