1.0000000000000000000 35.0000000000000000000 
2.0000000000000000000 13.0000000000000000000 
3.0000000000000000000 9.0000000000000000000 
4.0000000000000000000 6.2500000000000000000 
5.0000000000000000000 5.0000000000000000000 
6.0000000000000000000 4.1666666666666669627 
7.0000000000000000000 3.5714285714285716189 
8.0000000000000000000 3.0000000000000000000 
9.0000000000000000000 2.7777777777777776791 
10.0000000000000000000 2.6000000000000000888 
11.0000000000000000000 2.0909090909090908283 
13.0000000000000000000 2.0000000000000000000 
14.0000000000000000000 1.8571428571428572063 
19.0000000000000000000 1.6842105263157893802 
