1.0000000000000000000 24.0000000000000000000 
2.0000000000000000000 13.0000000000000000000 
3.0000000000000000000 8.3333333333333339254 
4.0000000000000000000 6.2500000000000000000 
5.0000000000000000000 5.0000000000000000000 
6.0000000000000000000 4.1666666666666669627 
7.0000000000000000000 3.1428571428571427937 
8.0000000000000000000 2.7500000000000000000 
10.0000000000000000000 2.7000000000000001776 
11.0000000000000000000 2.2727272727272729291 
12.0000000000000000000 2.2500000000000000000 
13.0000000000000000000 2.1538461538461537437 
14.0000000000000000000 1.6428571428571427937 
16.0000000000000000000 1.6250000000000000000 
17.0000000000000000000 1.5882352941176469674 
18.0000000000000000000 1.4444444444444444198 
19.0000000000000000000 1.3684210526315789824 
20.0000000000000000000 1.3000000000000000444 
21.0000000000000000000 1.2857142857142858094 
22.0000000000000000000 0.9090909090909090606 
23.0000000000000000000 0.8695652173913043237 
25.0000000000000000000 0.8000000000000000444 
