1.0000000000000000000 26.0000000000000000000 
2.0000000000000000000 13.0000000000000000000 
3.0000000000000000000 8.3333333333333339254 
4.0000000000000000000 6.2500000000000000000 
5.0000000000000000000 5.0000000000000000000 
6.0000000000000000000 4.1666666666666669627 
7.0000000000000000000 3.7142857142857144126 
8.0000000000000000000 3.2500000000000000000 
9.0000000000000000000 2.8888888888888888395 
10.0000000000000000000 2.5000000000000000000 
11.0000000000000000000 2.2727272727272729291 
12.0000000000000000000 2.0833333333333334814 
13.0000000000000000000 1.9230769230769231282 
14.0000000000000000000 1.7857142857142858094 
15.0000000000000000000 1.6666666666666667407 
16.0000000000000000000 1.5625000000000000000 
17.0000000000000000000 1.4705882352941177515 
18.0000000000000000000 1.3888888888888888395 
19.0000000000000000000 1.3157894736842106198 
21.0000000000000000000 1.2380952380952381375 
22.0000000000000000000 1.0909090909090908283 
24.0000000000000000000 1.0833333333333332593 
25.0000000000000000000 1.0000000000000000000 
26.0000000000000000000 0.9615384615384615641 
