1.0000000000000000000 27.0000000000000000000 
2.0000000000000000000 13.5000000000000000000 
3.0000000000000000000 9.3333333333333339254 
4.0000000000000000000 6.5000000000000000000 
5.0000000000000000000 5.2000000000000001776 
6.0000000000000000000 4.1666666666666669627 
7.0000000000000000000 4.0000000000000000000 
8.0000000000000000000 3.3750000000000000000 
9.0000000000000000000 2.6666666666666665186 
11.0000000000000000000 2.3636363636363637575 
12.0000000000000000000 2.1666666666666665186 
13.0000000000000000000 2.1538461538461537437 
14.0000000000000000000 2.0714285714285716189 
15.0000000000000000000 1.8666666666666666963 
16.0000000000000000000 1.6875000000000000000 
17.0000000000000000000 1.5294117647058822484 
18.0000000000000000000 1.4444444444444444198 
20.0000000000000000000 1.3500000000000000888 
21.0000000000000000000 1.2857142857142858094 
22.0000000000000000000 1.2272727272727272929 
23.0000000000000000000 1.0869565217391303769 
24.0000000000000000000 1.0000000000000000000 
25.0000000000000000000 0.9200000000000000400 
