2.0000000000000000000 15.5000000000000000000 
3.0000000000000000000 8.3333333333333339254 
4.0000000000000000000 6.2500000000000000000 
5.0000000000000000000 4.7999999999999998224 
6.0000000000000000000 3.8333333333333334814 
7.0000000000000000000 3.5714285714285716189 
8.0000000000000000000 3.0000000000000000000 
9.0000000000000000000 2.6666666666666665186 
10.0000000000000000000 2.3999999999999999112 
11.0000000000000000000 2.3636363636363637575 
12.0000000000000000000 2.0833333333333334814 
13.0000000000000000000 2.0769230769230770939 
14.0000000000000000000 1.8571428571428572063 
15.0000000000000000000 1.7333333333333333925 
16.0000000000000000000 1.5625000000000000000 
17.0000000000000000000 1.4705882352941177515 
18.0000000000000000000 1.3888888888888888395 
19.0000000000000000000 1.3157894736842106198 
20.0000000000000000000 1.3000000000000000444 
21.0000000000000000000 1.2380952380952381375 
22.0000000000000000000 1.1363636363636364646 
23.0000000000000000000 1.0000000000000000000 
28.0000000000000000000 0.9642857142857143016 
