1.0000000000000000000 27.0000000000000000000 
2.0000000000000000000 14.0000000000000000000 
3.0000000000000000000 8.6666666666666660745 
4.0000000000000000000 7.0000000000000000000 
5.0000000000000000000 5.0000000000000000000 
6.0000000000000000000 4.1666666666666669627 
7.0000000000000000000 3.8571428571428572063 
8.0000000000000000000 3.2500000000000000000 
9.0000000000000000000 3.1111111111111111604 
10.0000000000000000000 2.7999999999999998224 
11.0000000000000000000 2.5454545454545454142 
12.0000000000000000000 2.1666666666666665186 
14.0000000000000000000 1.8571428571428572063 
16.0000000000000000000 1.7500000000000000000 
17.0000000000000000000 1.5294117647058822484 
18.0000000000000000000 1.3333333333333332593 
19.0000000000000000000 1.2631578947368420351 
22.0000000000000000000 1.1818181818181818787 
23.0000000000000000000 1.0869565217391303769 
24.0000000000000000000 1.0416666666666667407 
26.0000000000000000000 1.0384615384615385469 
27.0000000000000000000 1.0370370370370369795 
