1.0000000000000000000 29.0000000000000000000 
2.0000000000000000000 13.5000000000000000000 
3.0000000000000000000 8.6666666666666660745 
4.0000000000000000000 6.5000000000000000000 
5.0000000000000000000 5.2000000000000001776 
6.0000000000000000000 4.3333333333333330373 
7.0000000000000000000 3.8571428571428572063 
8.0000000000000000000 3.3750000000000000000 
9.0000000000000000000 2.8888888888888888395 
10.0000000000000000000 2.6000000000000000888 
11.0000000000000000000 2.3636363636363637575 
13.0000000000000000000 2.1538461538461537437 
14.0000000000000000000 2.0000000000000000000 
15.0000000000000000000 1.9333333333333333481 
16.0000000000000000000 1.8125000000000000000 
17.0000000000000000000 1.4705882352941177515 
19.0000000000000000000 1.3684210526315789824 
20.0000000000000000000 1.2500000000000000000 
21.0000000000000000000 1.2380952380952381375 
22.0000000000000000000 1.1818181818181818787 
23.0000000000000000000 1.0869565217391303769 
24.0000000000000000000 1.0000000000000000000 
