1.0000000000000000000 32.0000000000000000000 
2.0000000000000000000 14.5000000000000000000 
3.0000000000000000000 10.0000000000000000000 
4.0000000000000000000 6.2500000000000000000 
5.0000000000000000000 5.2000000000000001776 
6.0000000000000000000 4.1666666666666669627 
7.0000000000000000000 3.7142857142857144126 
8.0000000000000000000 3.2500000000000000000 
9.0000000000000000000 2.8888888888888888395 
10.0000000000000000000 2.6000000000000000888 
11.0000000000000000000 2.3636363636363637575 
12.0000000000000000000 2.2500000000000000000 
13.0000000000000000000 2.1538461538461537437 
14.0000000000000000000 1.7857142857142858094 
15.0000000000000000000 1.7333333333333333925 
17.0000000000000000000 1.6470588235294116863 
18.0000000000000000000 1.3888888888888888395 
19.0000000000000000000 1.3684210526315789824 
21.0000000000000000000 1.2857142857142858094 
22.0000000000000000000 1.1818181818181818787 
23.0000000000000000000 1.1739130434782609758 
24.0000000000000000000 1.1250000000000000000 
25.0000000000000000000 1.0400000000000000355 
26.0000000000000000000 0.9615384615384615641 
28.0000000000000000000 0.9285714285714286031 
