1.0000000000000000000 26.0000000000000000000 
2.0000000000000000000 12.0000000000000000000 
3.0000000000000000000 7.6666666666666669627 
4.0000000000000000000 5.2500000000000000000 
5.0000000000000000000 4.5999999999999996447 
6.0000000000000000000 3.6666666666666665186 
7.0000000000000000000 3.2857142857142855874 
8.0000000000000000000 3.0000000000000000000 
9.0000000000000000000 2.5555555555555553582 
10.0000000000000000000 2.5000000000000000000 
11.0000000000000000000 2.2727272727272729291 
12.0000000000000000000 1.9166666666666667407 
14.0000000000000000000 1.7857142857142858094 
15.0000000000000000000 1.6666666666666667407 
16.0000000000000000000 1.5625000000000000000 
17.0000000000000000000 1.4705882352941177515 
18.0000000000000000000 1.3888888888888888395 
19.0000000000000000000 1.2631578947368420351 
20.0000000000000000000 1.1999999999999999556 
21.0000000000000000000 1.1904761904761904656 
22.0000000000000000000 1.0909090909090908283 
23.0000000000000000000 1.0000000000000000000 
24.0000000000000000000 0.9583333333333333703 
26.0000000000000000000 0.8846153846153845812 
27.0000000000000000000 0.8518518518518518601 
