1.0000000000000000000 32.0000000000000000000 
2.0000000000000000000 13.0000000000000000000 
3.0000000000000000000 8.6666666666666660745 
4.0000000000000000000 5.7500000000000000000 
5.0000000000000000000 4.5999999999999996447 
6.0000000000000000000 4.1666666666666669627 
7.0000000000000000000 3.1428571428571427937 
9.0000000000000000000 2.8888888888888888395 
10.0000000000000000000 2.6000000000000000888 
11.0000000000000000000 2.3636363636363637575 
12.0000000000000000000 2.1666666666666665186 
13.0000000000000000000 1.7692307692307691624 
15.0000000000000000000 1.6000000000000000888 
17.0000000000000000000 1.5294117647058822484 
18.0000000000000000000 1.3888888888888888395 
19.0000000000000000000 1.2631578947368420351 
20.0000000000000000000 1.2500000000000000000 
21.0000000000000000000 1.1904761904761904656 
22.0000000000000000000 1.0909090909090908283 
23.0000000000000000000 1.0869565217391303769 
24.0000000000000000000 1.0416666666666667407 
25.0000000000000000000 0.9200000000000000400 
