1.0000000000000000000 29.0000000000000000000 
2.0000000000000000000 14.5000000000000000000 
3.0000000000000000000 9.6666666666666660745 
4.0000000000000000000 7.2500000000000000000 
5.0000000000000000000 5.5999999999999996447 
6.0000000000000000000 4.6666666666666669627 
7.0000000000000000000 3.5714285714285716189 
8.0000000000000000000 3.2500000000000000000 
9.0000000000000000000 2.8888888888888888395 
10.0000000000000000000 2.7999999999999998224 
11.0000000000000000000 2.6363636363636362425 
12.0000000000000000000 2.3333333333333334814 
13.0000000000000000000 2.1538461538461537437 
14.0000000000000000000 1.8571428571428572063 
15.0000000000000000000 1.7333333333333333925 
16.0000000000000000000 1.6250000000000000000 
18.0000000000000000000 1.5555555555555555802 
19.0000000000000000000 1.4736842105263157077 
20.0000000000000000000 1.3500000000000000888 
21.0000000000000000000 1.2857142857142858094 
22.0000000000000000000 1.2727272727272727071 
23.0000000000000000000 1.1739130434782609758 
24.0000000000000000000 1.0833333333333332593 
26.0000000000000000000 1.0384615384615385469 
