2.0000000000000000000 13.0000000000000000000 
3.0000000000000000000 7.6666666666666669627 
4.0000000000000000000 4.7500000000000000000 
5.0000000000000000000 4.2000000000000001776 
6.0000000000000000000 3.5000000000000000000 
7.0000000000000000000 3.2857142857142855874 
8.0000000000000000000 2.8750000000000000000 
9.0000000000000000000 2.4444444444444446418 
11.0000000000000000000 2.1818181818181816567 
13.0000000000000000000 1.6923076923076922906 
14.0000000000000000000 1.5000000000000000000 
17.0000000000000000000 1.3529411764705883137 
19.0000000000000000000 1.3157894736842106198 
20.0000000000000000000 1.3000000000000000444 
21.0000000000000000000 1.0476190476190476719 
22.0000000000000000000 1.0000000000000000000 
23.0000000000000000000 0.9565217391304348116 
24.0000000000000000000 0.9166666666666666297 
26.0000000000000000000 0.8846153846153845812 
27.0000000000000000000 0.8148148148148147696 
