1.0000000000000000000 25.0000000000000000000 
2.0000000000000000000 12.5000000000000000000 
3.0000000000000000000 9.0000000000000000000 
4.0000000000000000000 6.2500000000000000000 
5.0000000000000000000 5.2000000000000001776 
6.0000000000000000000 4.0000000000000000000 
7.0000000000000000000 3.4285714285714283811 
8.0000000000000000000 3.1250000000000000000 
9.0000000000000000000 2.7777777777777776791 
10.0000000000000000000 2.2999999999999998224 
12.0000000000000000000 2.1666666666666665186 
13.0000000000000000000 2.0000000000000000000 
14.0000000000000000000 1.8571428571428572063 
15.0000000000000000000 1.7333333333333333925 
16.0000000000000000000 1.4375000000000000000 
19.0000000000000000000 1.3157894736842106198 
20.0000000000000000000 1.1499999999999999112 
22.0000000000000000000 1.1363636363636364646 
23.0000000000000000000 0.9565217391304348116 
