1.0000000000000000000 26.0000000000000000000 
2.0000000000000000000 13.0000000000000000000 
3.0000000000000000000 8.6666666666666660745 
4.0000000000000000000 5.7500000000000000000 
5.0000000000000000000 4.7999999999999998224 
6.0000000000000000000 4.0000000000000000000 
7.0000000000000000000 3.1428571428571427937 
8.0000000000000000000 3.0000000000000000000 
9.0000000000000000000 2.7777777777777776791 
10.0000000000000000000 2.2999999999999998224 
11.0000000000000000000 2.0909090909090908283 
12.0000000000000000000 2.0000000000000000000 
13.0000000000000000000 1.8461538461538462563 
14.0000000000000000000 1.5000000000000000000 
15.0000000000000000000 1.4666666666666665630 
17.0000000000000000000 1.4117647058823530326 
18.0000000000000000000 1.3333333333333332593 
19.0000000000000000000 1.3157894736842106198 
20.0000000000000000000 1.2500000000000000000 
21.0000000000000000000 1.2380952380952381375 
22.0000000000000000000 1.0454545454545454142 
24.0000000000000000000 0.9166666666666666297 
