1.0000000000000000000 29.0000000000000000000 
2.0000000000000000000 14.0000000000000000000 
3.0000000000000000000 9.6666666666666660745 
4.0000000000000000000 7.0000000000000000000 
5.0000000000000000000 5.5999999999999996447 
6.0000000000000000000 4.5000000000000000000 
7.0000000000000000000 4.1428571428571432378 
8.0000000000000000000 3.3750000000000000000 
9.0000000000000000000 3.2222222222222223209 
10.0000000000000000000 3.0000000000000000000 
11.0000000000000000000 2.6363636363636362425 
12.0000000000000000000 2.4166666666666665186 
13.0000000000000000000 2.3076923076923074873 
14.0000000000000000000 2.0714285714285716189 
15.0000000000000000000 1.9333333333333333481 
16.0000000000000000000 1.8125000000000000000 
17.0000000000000000000 1.6470588235294116863 
18.0000000000000000000 1.4444444444444444198 
20.0000000000000000000 1.3999999999999999112 
21.0000000000000000000 1.3809523809523809312 
22.0000000000000000000 1.2272727272727272929 
23.0000000000000000000 1.1304347826086955653 
24.0000000000000000000 1.1250000000000000000 
25.0000000000000000000 1.0800000000000000710 
26.0000000000000000000 1.0384615384615385469 
