1.0000000000000000000 28.0000000000000000000 
2.0000000000000000000 14.0000000000000000000 
3.0000000000000000000 8.0000000000000000000 
4.0000000000000000000 6.7500000000000000000 
5.0000000000000000000 5.0000000000000000000 
6.0000000000000000000 4.3333333333333330373 
7.0000000000000000000 3.7142857142857144126 
8.0000000000000000000 3.3750000000000000000 
9.0000000000000000000 3.0000000000000000000 
10.0000000000000000000 2.6000000000000000888 
11.0000000000000000000 2.5454545454545454142 
12.0000000000000000000 2.0000000000000000000 
13.0000000000000000000 1.9230769230769231282 
15.0000000000000000000 1.6000000000000000888 
17.0000000000000000000 1.5294117647058822484 
18.0000000000000000000 1.5000000000000000000 
19.0000000000000000000 1.4210526315789473450 
20.0000000000000000000 1.2500000000000000000 
21.0000000000000000000 1.2380952380952381375 
22.0000000000000000000 1.1363636363636364646 
23.0000000000000000000 1.0869565217391303769 
24.0000000000000000000 1.0833333333333332593 
25.0000000000000000000 1.0400000000000000355 
26.0000000000000000000 1.0000000000000000000 
27.0000000000000000000 0.9629629629629629095 
