1.0000000000000000000 28.0000000000000000000 
2.0000000000000000000 13.5000000000000000000 
3.0000000000000000000 8.3333333333333339254 
4.0000000000000000000 6.2500000000000000000 
5.0000000000000000000 5.0000000000000000000 
6.0000000000000000000 4.0000000000000000000 
7.0000000000000000000 3.5714285714285716189 
8.0000000000000000000 3.0000000000000000000 
9.0000000000000000000 2.8888888888888888395 
10.0000000000000000000 2.2999999999999998224 
11.0000000000000000000 2.1818181818181816567 
12.0000000000000000000 2.0000000000000000000 
13.0000000000000000000 1.8461538461538462563 
14.0000000000000000000 1.7142857142857141905 
15.0000000000000000000 1.6000000000000000888 
16.0000000000000000000 1.5000000000000000000 
17.0000000000000000000 1.4117647058823530326 
18.0000000000000000000 1.3333333333333332593 
19.0000000000000000000 1.3157894736842106198 
20.0000000000000000000 1.1999999999999999556 
21.0000000000000000000 1.1428571428571427937 
22.0000000000000000000 1.0454545454545454142 
24.0000000000000000000 1.0416666666666667407 
25.0000000000000000000 0.9599999999999999645 
26.0000000000000000000 0.8846153846153845812 
