1.0000000000000000000 29.0000000000000000000 
2.0000000000000000000 13.5000000000000000000 
3.0000000000000000000 9.0000000000000000000 
4.0000000000000000000 6.7500000000000000000 
5.0000000000000000000 5.4000000000000003553 
6.0000000000000000000 4.5000000000000000000 
7.0000000000000000000 3.7142857142857144126 
8.0000000000000000000 3.2500000000000000000 
9.0000000000000000000 3.0000000000000000000 
10.0000000000000000000 2.6000000000000000888 
11.0000000000000000000 2.4545454545454545858 
12.0000000000000000000 2.4166666666666665186 
13.0000000000000000000 2.1538461538461537437 
14.0000000000000000000 2.0714285714285716189 
15.0000000000000000000 1.8000000000000000444 
17.0000000000000000000 1.7058823529411764053 
18.0000000000000000000 1.6111111111111111604 
19.0000000000000000000 1.3684210526315789824 
21.0000000000000000000 1.2380952380952381375 
22.0000000000000000000 1.1818181818181818787 
23.0000000000000000000 1.0869565217391303769 
24.0000000000000000000 1.0416666666666667407 
26.0000000000000000000 0.9615384615384615641 
28.0000000000000000000 0.8928571428571429047 
