1.0000000000000000000 24.0000000000000000000 
2.0000000000000000000 13.0000000000000000000 
3.0000000000000000000 8.0000000000000000000 
4.0000000000000000000 6.0000000000000000000 
5.0000000000000000000 4.7999999999999998224 
6.0000000000000000000 4.1666666666666669627 
7.0000000000000000000 3.7142857142857144126 
8.0000000000000000000 3.2500000000000000000 
9.0000000000000000000 2.8888888888888888395 
10.0000000000000000000 2.3999999999999999112 
11.0000000000000000000 2.3636363636363637575 
12.0000000000000000000 2.2500000000000000000 
13.0000000000000000000 1.9230769230769231282 
14.0000000000000000000 1.8571428571428572063 
15.0000000000000000000 1.8000000000000000444 
16.0000000000000000000 1.6875000000000000000 
17.0000000000000000000 1.5294117647058822484 
18.0000000000000000000 1.4444444444444444198 
19.0000000000000000000 1.3684210526315789824 
20.0000000000000000000 1.1999999999999999556 
21.0000000000000000000 1.0952380952380953438 
23.0000000000000000000 1.0869565217391303769 
24.0000000000000000000 1.0833333333333332593 
25.0000000000000000000 1.0400000000000000355 
28.0000000000000000000 1.0357142857142858094 
