1.0000000000000000000 23.0000000000000000000 
2.0000000000000000000 11.5000000000000000000 
3.0000000000000000000 8.0000000000000000000 
4.0000000000000000000 5.7500000000000000000 
5.0000000000000000000 4.5999999999999996447 
6.0000000000000000000 3.8333333333333334814 
7.0000000000000000000 3.1428571428571427937 
8.0000000000000000000 3.1250000000000000000 
9.0000000000000000000 2.7777777777777776791 
10.0000000000000000000 2.5000000000000000000 
11.0000000000000000000 2.2727272727272729291 
12.0000000000000000000 2.0833333333333334814 
13.0000000000000000000 1.9230769230769231282 
14.0000000000000000000 1.7142857142857141905 
15.0000000000000000000 1.6666666666666667407 
16.0000000000000000000 1.4375000000000000000 
17.0000000000000000000 1.4117647058823530326 
18.0000000000000000000 1.3888888888888888395 
19.0000000000000000000 1.3157894736842106198 
20.0000000000000000000 1.1499999999999999112 
22.0000000000000000000 1.0909090909090908283 
23.0000000000000000000 1.0000000000000000000 
25.0000000000000000000 0.9599999999999999645 
27.0000000000000000000 0.9259259259259259300 
