1.0000000000000000000 30.0000000000000000000 
2.0000000000000000000 15.0000000000000000000 
3.0000000000000000000 10.0000000000000000000 
4.0000000000000000000 6.7500000000000000000 
5.0000000000000000000 5.4000000000000003553 
6.0000000000000000000 4.1666666666666669627 
7.0000000000000000000 3.8571428571428572063 
8.0000000000000000000 3.0000000000000000000 
10.0000000000000000000 2.7000000000000001776 
11.0000000000000000000 2.4545454545454545858 
12.0000000000000000000 2.3333333333333334814 
13.0000000000000000000 2.1538461538461537437 
14.0000000000000000000 2.0000000000000000000 
15.0000000000000000000 1.7333333333333333925 
17.0000000000000000000 1.5882352941176469674 
18.0000000000000000000 1.5555555555555555802 
19.0000000000000000000 1.3684210526315789824 
21.0000000000000000000 1.2380952380952381375 
22.0000000000000000000 1.1818181818181818787 
23.0000000000000000000 1.1304347826086955653 
24.0000000000000000000 0.9583333333333333703 
28.0000000000000000000 0.8928571428571429047 
