1.0000000000000000000 25.0000000000000000000 
2.0000000000000000000 13.0000000000000000000 
3.0000000000000000000 9.0000000000000000000 
4.0000000000000000000 6.0000000000000000000 
5.0000000000000000000 5.2000000000000001776 
6.0000000000000000000 4.0000000000000000000 
7.0000000000000000000 3.4285714285714283811 
8.0000000000000000000 3.0000000000000000000 
9.0000000000000000000 2.7777777777777776791 
10.0000000000000000000 2.6000000000000000888 
11.0000000000000000000 2.3636363636363637575 
12.0000000000000000000 2.1666666666666665186 
13.0000000000000000000 2.0769230769230770939 
14.0000000000000000000 1.7142857142857141905 
15.0000000000000000000 1.5333333333333334369 
19.0000000000000000000 1.3684210526315789824 
20.0000000000000000000 1.1999999999999999556 
21.0000000000000000000 1.1904761904761904656 
22.0000000000000000000 1.0909090909090908283 
23.0000000000000000000 1.0000000000000000000 
25.0000000000000000000 0.9200000000000000400 
26.0000000000000000000 0.8846153846153845812 
