4.0000000000000000000 4.2500000000000000000 
5.0000000000000000000 3.2000000000000001776 
6.0000000000000000000 2.6666666666666665186 
7.0000000000000000000 2.2857142857142855874 
8.0000000000000000000 2.0000000000000000000 
9.0000000000000000000 1.7777777777777776791 
10.0000000000000000000 1.6000000000000000888 
11.0000000000000000000 1.4545454545454545858 
12.0000000000000000000 1.3333333333333332593 
13.0000000000000000000 1.2307692307692308375 
14.0000000000000000000 1.1428571428571427937 
15.0000000000000000000 1.0666666666666666519 
16.0000000000000000000 1.0000000000000000000 
17.0000000000000000000 0.9411764705882352811 
18.0000000000000000000 0.8888888888888888395 
19.0000000000000000000 0.8421052631578946901 
20.0000000000000000000 0.8000000000000000444 
21.0000000000000000000 0.7619047619047618625 
22.0000000000000000000 0.7272727272727272929 
23.0000000000000000000 0.6956521739130434589 
24.0000000000000000000 0.6666666666666666297 
25.0000000000000000000 0.6400000000000000133 
