2.0000000000000000000 11.0000000000000000000 
3.0000000000000000000 6.0000000000000000000 
4.0000000000000000000 4.2500000000000000000 
5.0000000000000000000 3.3999999999999999112 
6.0000000000000000000 2.8333333333333334814 
7.0000000000000000000 2.4285714285714283811 
8.0000000000000000000 2.1250000000000000000 
9.0000000000000000000 1.8888888888888888395 
10.0000000000000000000 1.6999999999999999556 
11.0000000000000000000 1.5454545454545454142 
12.0000000000000000000 1.4166666666666667407 
13.0000000000000000000 1.3076923076923077094 
14.0000000000000000000 1.2142857142857141905 
15.0000000000000000000 1.1333333333333333037 
16.0000000000000000000 1.0625000000000000000 
17.0000000000000000000 1.0000000000000000000 
18.0000000000000000000 0.9444444444444444198 
19.0000000000000000000 0.8947368421052631637 
20.0000000000000000000 0.8499999999999999778 
21.0000000000000000000 0.8095238095238095344 
22.0000000000000000000 0.7727272727272727071 
23.0000000000000000000 0.7391304347826086474 
24.0000000000000000000 0.7083333333333333703 
25.0000000000000000000 0.6800000000000000488 
27.0000000000000000000 0.6666666666666666297 
