1.0000000000000000000 14.0000000000000000000 
2.0000000000000000000 6.5000000000000000000 
3.0000000000000000000 4.3333333333333330373 
4.0000000000000000000 3.2500000000000000000 
5.0000000000000000000 2.6000000000000000888 
6.0000000000000000000 2.1666666666666665186 
7.0000000000000000000 1.8571428571428572063 
8.0000000000000000000 1.6250000000000000000 
9.0000000000000000000 1.4444444444444444198 
10.0000000000000000000 1.3000000000000000444 
11.0000000000000000000 1.1818181818181818787 
12.0000000000000000000 1.0833333333333332593 
13.0000000000000000000 1.0000000000000000000 
14.0000000000000000000 0.9285714285714286031 
15.0000000000000000000 0.8666666666666666963 
16.0000000000000000000 0.8125000000000000000 
17.0000000000000000000 0.7647058823529411242 
18.0000000000000000000 0.7222222222222222099 
19.0000000000000000000 0.6842105263157894912 
20.0000000000000000000 0.6500000000000000222 
21.0000000000000000000 0.6190476190476190688 
