2.0000000000000000000 9.5000000000000000000 
3.0000000000000000000 6.3333333333333330373 
4.0000000000000000000 4.5000000000000000000 
5.0000000000000000000 3.6000000000000000888 
6.0000000000000000000 3.0000000000000000000 
7.0000000000000000000 2.5714285714285716189 
8.0000000000000000000 2.2500000000000000000 
9.0000000000000000000 2.0000000000000000000 
10.0000000000000000000 1.8000000000000000444 
11.0000000000000000000 1.6363636363636364646 
12.0000000000000000000 1.5000000000000000000 
13.0000000000000000000 1.3846153846153845812 
14.0000000000000000000 1.2857142857142858094 
15.0000000000000000000 1.1999999999999999556 
16.0000000000000000000 1.1250000000000000000 
17.0000000000000000000 1.0588235294117647189 
18.0000000000000000000 1.0000000000000000000 
19.0000000000000000000 0.9473684210526315264 
20.0000000000000000000 0.9000000000000000222 
21.0000000000000000000 0.8571428571428570953 
22.0000000000000000000 0.8181818181818182323 
23.0000000000000000000 0.7826086956521739468 
24.0000000000000000000 0.7500000000000000000 
25.0000000000000000000 0.7199999999999999733 
