3.0000000000000000000 5.0000000000000000000 
4.0000000000000000000 3.7500000000000000000 
5.0000000000000000000 3.0000000000000000000 
6.0000000000000000000 2.5000000000000000000 
7.0000000000000000000 2.1428571428571427937 
8.0000000000000000000 1.8750000000000000000 
9.0000000000000000000 1.6666666666666667407 
10.0000000000000000000 1.5000000000000000000 
11.0000000000000000000 1.3636363636363635354 
12.0000000000000000000 1.2500000000000000000 
13.0000000000000000000 1.1538461538461537437 
14.0000000000000000000 1.0714285714285713968 
15.0000000000000000000 1.0000000000000000000 
16.0000000000000000000 0.9375000000000000000 
17.0000000000000000000 0.8823529411764705621 
18.0000000000000000000 0.8333333333333333703 
19.0000000000000000000 0.7894736842105263275 
20.0000000000000000000 0.7500000000000000000 
21.0000000000000000000 0.7142857142857143016 
22.0000000000000000000 0.6818181818181817677 
23.0000000000000000000 0.6521739130434782705 
24.0000000000000000000 0.6250000000000000000 
25.0000000000000000000 0.5999999999999999778 
26.0000000000000000000 0.5769230769230768718 
27.0000000000000000000 0.5555555555555555802 
