5.0000000000000000000 8.5999999999999996447 
6.0000000000000000000 4.8333333333333330373 
8.0000000000000000000 4.2500000000000000000 
9.0000000000000000000 4.0000000000000000000 
10.0000000000000000000 2.7999999999999998224 
12.0000000000000000000 2.5833333333333334814 
13.0000000000000000000 2.3076923076923074873 
14.0000000000000000000 2.2142857142857144126 
15.0000000000000000000 1.8000000000000000444 
16.0000000000000000000 1.7500000000000000000 
17.0000000000000000000 1.7058823529411764053 
18.0000000000000000000 1.6666666666666667407 
19.0000000000000000000 1.5263157894736842923 
21.0000000000000000000 1.5238095238095237249 
22.0000000000000000000 1.4090909090909091716 
