6.0000000000000000000 7.1666666666666669627 
7.0000000000000000000 4.7142857142857144126 
8.0000000000000000000 3.6250000000000000000 
10.0000000000000000000 3.1000000000000000888 
11.0000000000000000000 3.0000000000000000000 
12.0000000000000000000 2.4166666666666665186 
13.0000000000000000000 2.2307692307692308375 
14.0000000000000000000 2.0000000000000000000 
15.0000000000000000000 1.8000000000000000444 
17.0000000000000000000 1.7647058823529411242 
18.0000000000000000000 1.5555555555555555802 
19.0000000000000000000 1.4210526315789473450 
21.0000000000000000000 1.3809523809523809312 
