6.0000000000000000000 7.8333333333333330373 
7.0000000000000000000 4.7142857142857144126 
8.0000000000000000000 4.3750000000000000000 
9.0000000000000000000 3.3333333333333334814 
10.0000000000000000000 3.1000000000000000888 
11.0000000000000000000 2.6363636363636362425 
12.0000000000000000000 2.5000000000000000000 
13.0000000000000000000 2.2307692307692308375 
14.0000000000000000000 2.1428571428571427937 
15.0000000000000000000 2.0000000000000000000 
16.0000000000000000000 1.8125000000000000000 
17.0000000000000000000 1.7058823529411764053 
18.0000000000000000000 1.6111111111111111604 
19.0000000000000000000 1.5789473684210526549 
20.0000000000000000000 1.3000000000000000444 
