6.0000000000000000000 6.5000000000000000000 
7.0000000000000000000 5.2857142857142855874 
8.0000000000000000000 4.7500000000000000000 
9.0000000000000000000 3.7777777777777776791 
10.0000000000000000000 2.7000000000000001776 
12.0000000000000000000 2.5000000000000000000 
13.0000000000000000000 2.4615384615384616751 
14.0000000000000000000 2.1428571428571427937 
15.0000000000000000000 2.0000000000000000000 
16.0000000000000000000 1.6875000000000000000 
17.0000000000000000000 1.6470588235294116863 
19.0000000000000000000 1.5789473684210526549 
20.0000000000000000000 1.5000000000000000000 
21.0000000000000000000 1.4761904761904762751 
22.0000000000000000000 1.4090909090909091716 
25.0000000000000000000 1.3600000000000000977 
