4.0000000000000000000 10.2500000000000000000 
6.0000000000000000000 6.8333333333333330373 
7.0000000000000000000 5.4285714285714288252 
8.0000000000000000000 4.5000000000000000000 
9.0000000000000000000 3.6666666666666665186 
10.0000000000000000000 3.1000000000000000888 
11.0000000000000000000 2.7272727272727270709 
12.0000000000000000000 2.5833333333333334814 
13.0000000000000000000 2.3076923076923074873 
14.0000000000000000000 2.0000000000000000000 
16.0000000000000000000 1.8125000000000000000 
17.0000000000000000000 1.5882352941176469674 
19.0000000000000000000 1.4736842105263157077 
21.0000000000000000000 1.4285714285714286031 
22.0000000000000000000 1.2727272727272727071 
