6.0000000000000000000 6.1666666666666669627 
7.0000000000000000000 5.5714285714285711748 
8.0000000000000000000 4.5000000000000000000 
9.0000000000000000000 3.8888888888888888395 
10.0000000000000000000 3.1000000000000000888 
11.0000000000000000000 2.7272727272727270709 
12.0000000000000000000 2.4166666666666665186 
13.0000000000000000000 2.3846153846153845812 
14.0000000000000000000 2.1428571428571427937 
15.0000000000000000000 2.0000000000000000000 
16.0000000000000000000 1.8125000000000000000 
17.0000000000000000000 1.7058823529411764053 
19.0000000000000000000 1.4210526315789473450 
23.0000000000000000000 1.3478260869565217295 
