5.0000000000000000000 7.5999999999999996447 
6.0000000000000000000 6.6666666666666669627 
7.0000000000000000000 5.1428571428571432378 
8.0000000000000000000 4.3750000000000000000 
9.0000000000000000000 3.5555555555555553582 
10.0000000000000000000 3.2999999999999998224 
11.0000000000000000000 3.0000000000000000000 
12.0000000000000000000 2.5000000000000000000 
13.0000000000000000000 2.3076923076923074873 
14.0000000000000000000 2.1428571428571427937 
15.0000000000000000000 2.0000000000000000000 
16.0000000000000000000 1.6875000000000000000 
18.0000000000000000000 1.5000000000000000000 
21.0000000000000000000 1.4285714285714286031 
23.0000000000000000000 1.3913043478260869179 
28.0000000000000000000 1.3571428571428572063 
