5.0000000000000000000 8.4000000000000003553 
6.0000000000000000000 6.8333333333333330373 
7.0000000000000000000 4.7142857142857144126 
8.0000000000000000000 4.3750000000000000000 
9.0000000000000000000 3.8888888888888888395 
10.0000000000000000000 3.2000000000000001776 
11.0000000000000000000 2.7272727272727270709 
12.0000000000000000000 2.5000000000000000000 
13.0000000000000000000 2.3076923076923074873 
14.0000000000000000000 2.0714285714285716189 
15.0000000000000000000 1.8000000000000000444 
16.0000000000000000000 1.7500000000000000000 
18.0000000000000000000 1.6111111111111111604 
19.0000000000000000000 1.5789473684210526549 
20.0000000000000000000 1.5500000000000000444 
21.0000000000000000000 1.3809523809523809312 
