6.0000000000000000000 7.1666666666666669627 
7.0000000000000000000 5.1428571428571432378 
8.0000000000000000000 4.3750000000000000000 
9.0000000000000000000 3.6666666666666665186 
10.0000000000000000000 3.2000000000000001776 
11.0000000000000000000 2.7272727272727270709 
12.0000000000000000000 2.4166666666666665186 
13.0000000000000000000 2.3846153846153845812 
14.0000000000000000000 2.0714285714285716189 
15.0000000000000000000 1.8000000000000000444 
16.0000000000000000000 1.7500000000000000000 
18.0000000000000000000 1.6666666666666667407 
19.0000000000000000000 1.6315789473684210176 
20.0000000000000000000 1.5500000000000000444 
21.0000000000000000000 1.5238095238095237249 
22.0000000000000000000 1.4545454545454545858 
23.0000000000000000000 1.2173913043478261642 
