5.0000000000000000000 9.1999999999999992895 
6.0000000000000000000 6.0000000000000000000 
7.0000000000000000000 5.2857142857142855874 
8.0000000000000000000 4.1250000000000000000 
9.0000000000000000000 3.6666666666666665186 
10.0000000000000000000 3.2999999999999998224 
11.0000000000000000000 2.9090909090909091716 
12.0000000000000000000 2.2500000000000000000 
14.0000000000000000000 2.2142857142857144126 
15.0000000000000000000 2.0000000000000000000 
16.0000000000000000000 1.8125000000000000000 
17.0000000000000000000 1.7647058823529411242 
18.0000000000000000000 1.5555555555555555802 
20.0000000000000000000 1.4499999999999999556 
23.0000000000000000000 1.4347826086956521063 
