6.0000000000000000000 7.1666666666666669627 
7.0000000000000000000 5.0000000000000000000 
8.0000000000000000000 3.8750000000000000000 
9.0000000000000000000 3.5555555555555553582 
10.0000000000000000000 2.6000000000000000888 
11.0000000000000000000 2.5454545454545454142 
12.0000000000000000000 2.3333333333333334814 
13.0000000000000000000 2.1538461538461537437 
14.0000000000000000000 2.1428571428571427937 
15.0000000000000000000 1.8666666666666666963 
16.0000000000000000000 1.8125000000000000000 
17.0000000000000000000 1.7647058823529411242 
18.0000000000000000000 1.5555555555555555802 
19.0000000000000000000 1.5263157894736842923 
20.0000000000000000000 1.5000000000000000000 
23.0000000000000000000 1.3913043478260869179 
