6.0000000000000000000 6.6666666666666669627 
7.0000000000000000000 5.1428571428571432378 
8.0000000000000000000 4.0000000000000000000 
9.0000000000000000000 3.5555555555555553582 
10.0000000000000000000 3.1000000000000000888 
11.0000000000000000000 2.6363636363636362425 
13.0000000000000000000 2.2307692307692308375 
14.0000000000000000000 2.0714285714285716189 
15.0000000000000000000 1.8666666666666666963 
16.0000000000000000000 1.8125000000000000000 
17.0000000000000000000 1.6470588235294116863 
18.0000000000000000000 1.3333333333333332593 
