5.0000000000000000000 9.5999999999999996447 
6.0000000000000000000 6.3333333333333330373 
7.0000000000000000000 5.0000000000000000000 
8.0000000000000000000 4.3750000000000000000 
9.0000000000000000000 3.8888888888888888395 
10.0000000000000000000 3.2000000000000001776 
11.0000000000000000000 2.8181818181818183433 
12.0000000000000000000 2.5000000000000000000 
13.0000000000000000000 2.3076923076923074873 
14.0000000000000000000 2.1428571428571427937 
15.0000000000000000000 1.9333333333333333481 
16.0000000000000000000 1.7500000000000000000 
17.0000000000000000000 1.6470588235294116863 
18.0000000000000000000 1.5000000000000000000 
20.0000000000000000000 1.2500000000000000000 
