6.0000000000000000000 5.6666666666666669627 
7.0000000000000000000 5.0000000000000000000 
8.0000000000000000000 3.5000000000000000000 
9.0000000000000000000 3.4444444444444446418 
10.0000000000000000000 3.2999999999999998224 
11.0000000000000000000 2.6363636363636362425 
12.0000000000000000000 2.5000000000000000000 
13.0000000000000000000 2.3846153846153845812 
14.0000000000000000000 2.0714285714285716189 
15.0000000000000000000 2.0000000000000000000 
16.0000000000000000000 1.6250000000000000000 
17.0000000000000000000 1.4117647058823530326 
21.0000000000000000000 1.2857142857142858094 
