5.0000000000000000000 7.2000000000000001776 
7.0000000000000000000 5.4285714285714288252 
8.0000000000000000000 4.2500000000000000000 
9.0000000000000000000 3.4444444444444446418 
10.0000000000000000000 3.2000000000000001776 
11.0000000000000000000 2.5454545454545454142 
12.0000000000000000000 2.5000000000000000000 
13.0000000000000000000 2.3076923076923074873 
14.0000000000000000000 2.1428571428571427937 
15.0000000000000000000 2.0000000000000000000 
16.0000000000000000000 1.8125000000000000000 
17.0000000000000000000 1.7647058823529411242 
18.0000000000000000000 1.5000000000000000000 
22.0000000000000000000 1.4545454545454545858 
26.0000000000000000000 1.2307692307692308375 
