6.0000000000000000000 6.3333333333333330373 
7.0000000000000000000 5.4285714285714288252 
8.0000000000000000000 4.3750000000000000000 
9.0000000000000000000 3.6666666666666665186 
10.0000000000000000000 3.2000000000000001776 
11.0000000000000000000 2.8181818181818183433 
12.0000000000000000000 2.6666666666666665186 
13.0000000000000000000 2.2307692307692308375 
14.0000000000000000000 1.7857142857142858094 
17.0000000000000000000 1.6470588235294116863 
18.0000000000000000000 1.5555555555555555802 
19.0000000000000000000 1.4736842105263157077 
22.0000000000000000000 1.3636363636363635354 
