4.0000000000000000000 12.7500000000000000000 
6.0000000000000000000 6.5000000000000000000 
7.0000000000000000000 5.0000000000000000000 
8.0000000000000000000 4.7500000000000000000 
9.0000000000000000000 3.3333333333333334814 
10.0000000000000000000 3.2999999999999998224 
11.0000000000000000000 2.9090909090909091716 
12.0000000000000000000 2.6666666666666665186 
13.0000000000000000000 2.4615384615384616751 
14.0000000000000000000 2.1428571428571427937 
15.0000000000000000000 1.9333333333333333481 
16.0000000000000000000 1.7500000000000000000 
17.0000000000000000000 1.6470588235294116863 
19.0000000000000000000 1.5789473684210526549 
20.0000000000000000000 1.5000000000000000000 
22.0000000000000000000 1.4545454545454545858 
23.0000000000000000000 1.3913043478260869179 
