6.0000000000000000000 6.6666666666666669627 
7.0000000000000000000 5.5714285714285711748 
8.0000000000000000000 4.3750000000000000000 
9.0000000000000000000 3.3333333333333334814 
10.0000000000000000000 3.2999999999999998224 
11.0000000000000000000 2.8181818181818183433 
12.0000000000000000000 2.4166666666666665186 
13.0000000000000000000 2.0769230769230770939 
14.0000000000000000000 1.9285714285714286031 
15.0000000000000000000 1.8666666666666666963 
16.0000000000000000000 1.6250000000000000000 
19.0000000000000000000 1.4210526315789473450 
24.0000000000000000000 1.3333333333333332593 
25.0000000000000000000 1.3200000000000000622 
