6.0000000000000000000 7.3333333333333330373 
7.0000000000000000000 5.0000000000000000000 
8.0000000000000000000 4.5000000000000000000 
9.0000000000000000000 3.7777777777777776791 
10.0000000000000000000 3.2000000000000001776 
11.0000000000000000000 2.7272727272727270709 
12.0000000000000000000 2.5833333333333334814 
13.0000000000000000000 2.3076923076923074873 
14.0000000000000000000 2.1428571428571427937 
15.0000000000000000000 1.9333333333333333481 
16.0000000000000000000 1.8125000000000000000 
17.0000000000000000000 1.7058823529411764053 
18.0000000000000000000 1.4444444444444444198 
19.0000000000000000000 1.3684210526315789824 
20.0000000000000000000 1.3500000000000000888 
23.0000000000000000000 1.2173913043478261642 
