4.0000000000000000000 10.5000000000000000000 
5.0000000000000000000 9.1999999999999992895 
6.0000000000000000000 5.8333333333333330373 
7.0000000000000000000 5.4285714285714288252 
8.0000000000000000000 4.0000000000000000000 
9.0000000000000000000 3.5555555555555553582 
10.0000000000000000000 3.1000000000000000888 
11.0000000000000000000 2.2727272727272729291 
14.0000000000000000000 2.0714285714285716189 
15.0000000000000000000 2.0000000000000000000 
16.0000000000000000000 1.8750000000000000000 
17.0000000000000000000 1.8235294117647058432 
18.0000000000000000000 1.6666666666666667407 
19.0000000000000000000 1.5789473684210526549 
20.0000000000000000000 1.4499999999999999556 
21.0000000000000000000 1.3809523809523809312 
22.0000000000000000000 1.3636363636363635354 
