5.0000000000000000000 8.5999999999999996447 
6.0000000000000000000 6.0000000000000000000 
7.0000000000000000000 5.5714285714285711748 
8.0000000000000000000 4.5000000000000000000 
9.0000000000000000000 3.4444444444444446418 
10.0000000000000000000 3.1000000000000000888 
11.0000000000000000000 3.0000000000000000000 
12.0000000000000000000 2.5000000000000000000 
13.0000000000000000000 2.3846153846153845812 
14.0000000000000000000 2.1428571428571427937 
15.0000000000000000000 1.6000000000000000888 
19.0000000000000000000 1.4736842105263157077 
23.0000000000000000000 1.3913043478260869179 
