1.0000000000000000000 12.0000000000000000000 
2.0000000000000000000 6.0000000000000000000 
3.0000000000000000000 4.0000000000000000000 
4.0000000000000000000 3.5000000000000000000 
5.0000000000000000000 2.7999999999999998224 
6.0000000000000000000 2.0000000000000000000 
7.0000000000000000000 1.7142857142857141905 
8.0000000000000000000 1.5000000000000000000 
9.0000000000000000000 1.3333333333333332593 
10.0000000000000000000 1.1999999999999999556 
11.0000000000000000000 1.0909090909090908283 
14.0000000000000000000 1.0714285714285713968 
15.0000000000000000000 1.0000000000000000000 
17.0000000000000000000 0.8823529411764705621 
19.0000000000000000000 0.8421052631578946901 
20.0000000000000000000 0.8000000000000000444 
21.0000000000000000000 0.7619047619047618625 
26.0000000000000000000 0.6153846153846154188 
27.0000000000000000000 0.5555555555555555802 
28.0000000000000000000 0.5357142857142856984 
29.0000000000000000000 0.5172413793103448620 
30.0000000000000000000 0.5000000000000000000 
31.0000000000000000000 0.4838709677419354982 
