3.0000000000000000000 8.3333333333333339254 
4.0000000000000000000 5.7500000000000000000 
5.0000000000000000000 4.4000000000000003553 
6.0000000000000000000 3.6666666666666665186 
7.0000000000000000000 3.1428571428571427937 
8.0000000000000000000 2.6250000000000000000 
9.0000000000000000000 2.3333333333333334814 
10.0000000000000000000 2.1000000000000000888 
11.0000000000000000000 1.8181818181818181213 
12.0000000000000000000 1.7500000000000000000 
13.0000000000000000000 1.5384615384615385469 
15.0000000000000000000 1.4666666666666665630 
16.0000000000000000000 1.3750000000000000000 
18.0000000000000000000 1.2777777777777776791 
19.0000000000000000000 1.2105263157894736725 
20.0000000000000000000 1.1499999999999999112 
22.0000000000000000000 1.0909090909090908283 
