4.0000000000000000000 7.0000000000000000000 
5.0000000000000000000 4.5999999999999996447 
6.0000000000000000000 4.0000000000000000000 
7.0000000000000000000 3.0000000000000000000 
8.0000000000000000000 2.6250000000000000000 
9.0000000000000000000 2.3333333333333334814 
10.0000000000000000000 2.1000000000000000888 
11.0000000000000000000 1.9090909090909091716 
12.0000000000000000000 1.6666666666666667407 
13.0000000000000000000 1.6153846153846154188 
14.0000000000000000000 1.4285714285714286031 
15.0000000000000000000 1.3333333333333332593 
17.0000000000000000000 1.2352941176470588758 
18.0000000000000000000 1.1111111111111111604 
