4.0000000000000000000 7.0000000000000000000 
5.0000000000000000000 5.4000000000000003553 
6.0000000000000000000 4.0000000000000000000 
7.0000000000000000000 3.2857142857142855874 
8.0000000000000000000 2.7500000000000000000 
9.0000000000000000000 2.4444444444444446418 
10.0000000000000000000 2.1000000000000000888 
11.0000000000000000000 1.9090909090909091716 
12.0000000000000000000 1.7500000000000000000 
13.0000000000000000000 1.6153846153846154188 
14.0000000000000000000 1.5000000000000000000 
15.0000000000000000000 1.4666666666666665630 
16.0000000000000000000 1.4375000000000000000 
17.0000000000000000000 1.2941176470588235947 
18.0000000000000000000 1.2777777777777776791 
24.0000000000000000000 1.2500000000000000000 
