5.0000000000000000000 6.2000000000000001776 
6.0000000000000000000 4.1666666666666669627 
7.0000000000000000000 3.4285714285714283811 
8.0000000000000000000 3.0000000000000000000 
9.0000000000000000000 2.4444444444444446418 
10.0000000000000000000 2.1000000000000000888 
11.0000000000000000000 1.9090909090909091716 
12.0000000000000000000 1.6666666666666667407 
14.0000000000000000000 1.5000000000000000000 
15.0000000000000000000 1.3999999999999999112 
16.0000000000000000000 1.3750000000000000000 
17.0000000000000000000 1.2941176470588235947 
19.0000000000000000000 1.2631578947368420351 
21.0000000000000000000 1.2380952380952381375 
22.0000000000000000000 1.1363636363636364646 
