3.0000000000000000000 10.0000000000000000000 
4.0000000000000000000 6.0000000000000000000 
5.0000000000000000000 4.4000000000000003553 
6.0000000000000000000 3.3333333333333334814 
7.0000000000000000000 2.8571428571428572063 
8.0000000000000000000 2.3750000000000000000 
9.0000000000000000000 2.1111111111111111604 
10.0000000000000000000 2.0000000000000000000 
11.0000000000000000000 1.7272727272727272929 
12.0000000000000000000 1.6666666666666667407 
13.0000000000000000000 1.4615384615384614531 
14.0000000000000000000 1.4285714285714286031 
15.0000000000000000000 1.3999999999999999112 
16.0000000000000000000 1.3750000000000000000 
17.0000000000000000000 1.2352941176470588758 
18.0000000000000000000 1.1666666666666667407 
19.0000000000000000000 1.1578947368421053099 
