4.0000000000000000000 6.5000000000000000000 
5.0000000000000000000 4.4000000000000003553 
6.0000000000000000000 3.3333333333333334814 
7.0000000000000000000 2.7142857142857144126 
8.0000000000000000000 2.3750000000000000000 
9.0000000000000000000 2.0000000000000000000 
10.0000000000000000000 1.8999999999999999112 
11.0000000000000000000 1.7272727272727272929 
12.0000000000000000000 1.5833333333333332593 
13.0000000000000000000 1.4615384615384614531 
14.0000000000000000000 1.3571428571428572063 
15.0000000000000000000 1.3333333333333332593 
17.0000000000000000000 1.2941176470588235947 
18.0000000000000000000 1.2777777777777776791 
19.0000000000000000000 1.2105263157894736725 
