6.0000000000000000000 4.3333333333333330373 
7.0000000000000000000 3.4285714285714283811 
8.0000000000000000000 3.0000000000000000000 
9.0000000000000000000 2.6666666666666665186 
10.0000000000000000000 2.2999999999999998224 
11.0000000000000000000 2.0000000000000000000 
12.0000000000000000000 1.9166666666666667407 
13.0000000000000000000 1.6923076923076922906 
14.0000000000000000000 1.5000000000000000000 
15.0000000000000000000 1.4666666666666665630 
16.0000000000000000000 1.3750000000000000000 
17.0000000000000000000 1.2352941176470588758 
18.0000000000000000000 1.1666666666666667407 
19.0000000000000000000 1.1578947368421053099 
