4.0000000000000000000 5.7500000000000000000 
6.0000000000000000000 3.5000000000000000000 
7.0000000000000000000 2.8571428571428572063 
8.0000000000000000000 2.6250000000000000000 
9.0000000000000000000 2.2222222222222223209 
10.0000000000000000000 1.8000000000000000444 
12.0000000000000000000 1.6666666666666667407 
13.0000000000000000000 1.4615384615384614531 
15.0000000000000000000 1.3999999999999999112 
16.0000000000000000000 1.2500000000000000000 
18.0000000000000000000 1.1111111111111111604 
19.0000000000000000000 1.1052631578947369473 
