4.0000000000000000000 6.7500000000000000000 
5.0000000000000000000 5.4000000000000003553 
6.0000000000000000000 3.8333333333333334814 
7.0000000000000000000 3.1428571428571427937 
8.0000000000000000000 2.6250000000000000000 
9.0000000000000000000 2.3333333333333334814 
10.0000000000000000000 2.1000000000000000888 
11.0000000000000000000 1.9090909090909091716 
12.0000000000000000000 1.7500000000000000000 
13.0000000000000000000 1.6153846153846154188 
14.0000000000000000000 1.5000000000000000000 
15.0000000000000000000 1.3999999999999999112 
16.0000000000000000000 1.3750000000000000000 
17.0000000000000000000 1.2352941176470588758 
18.0000000000000000000 1.1666666666666667407 
19.0000000000000000000 1.1052631578947369473 
