5.0000000000000000000 6.4000000000000003553 
6.0000000000000000000 4.5000000000000000000 
7.0000000000000000000 3.2857142857142855874 
8.0000000000000000000 2.8750000000000000000 
9.0000000000000000000 2.4444444444444446418 
10.0000000000000000000 2.2000000000000001776 
11.0000000000000000000 2.0000000000000000000 
12.0000000000000000000 1.8333333333333332593 
13.0000000000000000000 1.6923076923076922906 
14.0000000000000000000 1.5000000000000000000 
15.0000000000000000000 1.4666666666666665630 
16.0000000000000000000 1.4375000000000000000 
17.0000000000000000000 1.2941176470588235947 
18.0000000000000000000 1.2777777777777776791 
19.0000000000000000000 1.1578947368421053099 
