3.0000000000000000000 12.0000000000000000000 
4.0000000000000000000 8.0000000000000000000 
5.0000000000000000000 5.2000000000000001776 
6.0000000000000000000 4.0000000000000000000 
7.0000000000000000000 3.1428571428571427937 
8.0000000000000000000 2.6250000000000000000 
9.0000000000000000000 2.2222222222222223209 
10.0000000000000000000 2.0000000000000000000 
11.0000000000000000000 1.9090909090909091716 
12.0000000000000000000 1.6666666666666667407 
13.0000000000000000000 1.5384615384615385469 
14.0000000000000000000 1.4285714285714286031 
15.0000000000000000000 1.3999999999999999112 
16.0000000000000000000 1.2500000000000000000 
17.0000000000000000000 1.2352941176470588758 
18.0000000000000000000 1.1111111111111111604 
19.0000000000000000000 1.1052631578947369473 
20.0000000000000000000 1.0500000000000000444 
21.0000000000000000000 1.0000000000000000000 
