4.0000000000000000000 6.5000000000000000000 
5.0000000000000000000 4.7999999999999998224 
6.0000000000000000000 3.6666666666666665186 
7.0000000000000000000 3.0000000000000000000 
8.0000000000000000000 2.3750000000000000000 
9.0000000000000000000 2.1111111111111111604 
10.0000000000000000000 2.0000000000000000000 
11.0000000000000000000 1.7272727272727272929 
12.0000000000000000000 1.5833333333333332593 
13.0000000000000000000 1.4615384615384614531 
14.0000000000000000000 1.3571428571428572063 
15.0000000000000000000 1.3333333333333332593 
16.0000000000000000000 1.1875000000000000000 
17.0000000000000000000 1.1764705882352941568 
18.0000000000000000000 1.0555555555555555802 
