4.0000000000000000000 7.2500000000000000000 
5.0000000000000000000 4.5999999999999996447 
6.0000000000000000000 4.1666666666666669627 
7.0000000000000000000 3.1428571428571427937 
8.0000000000000000000 2.7500000000000000000 
9.0000000000000000000 2.4444444444444446418 
10.0000000000000000000 1.8999999999999999112 
11.0000000000000000000 1.7272727272727272929 
12.0000000000000000000 1.5833333333333332593 
14.0000000000000000000 1.5000000000000000000 
15.0000000000000000000 1.4666666666666665630 
16.0000000000000000000 1.3750000000000000000 
17.0000000000000000000 1.2941176470588235947 
19.0000000000000000000 1.2631578947368420351 
20.0000000000000000000 1.2500000000000000000 
21.0000000000000000000 1.2380952380952381375 
