2.0000000000000000000 13.5000000000000000000 
4.0000000000000000000 6.7500000000000000000 
5.0000000000000000000 4.7999999999999998224 
6.0000000000000000000 3.5000000000000000000 
7.0000000000000000000 2.7142857142857144126 
8.0000000000000000000 2.2500000000000000000 
9.0000000000000000000 2.0000000000000000000 
10.0000000000000000000 1.8000000000000000444 
11.0000000000000000000 1.7272727272727272929 
12.0000000000000000000 1.5833333333333332593 
13.0000000000000000000 1.5384615384615385469 
14.0000000000000000000 1.4285714285714286031 
15.0000000000000000000 1.3999999999999999112 
16.0000000000000000000 1.2500000000000000000 
17.0000000000000000000 1.2352941176470588758 
18.0000000000000000000 1.1666666666666667407 
