4.0000000000000000000 8.0000000000000000000 
5.0000000000000000000 5.2000000000000001776 
6.0000000000000000000 4.0000000000000000000 
7.0000000000000000000 3.2857142857142855874 
8.0000000000000000000 2.8750000000000000000 
9.0000000000000000000 2.5555555555555553582 
10.0000000000000000000 2.2000000000000001776 
11.0000000000000000000 2.0909090909090908283 
12.0000000000000000000 1.9166666666666667407 
13.0000000000000000000 1.7692307692307691624 
14.0000000000000000000 1.5714285714285713968 
15.0000000000000000000 1.5333333333333334369 
16.0000000000000000000 1.3750000000000000000 
17.0000000000000000000 1.3529411764705883137 
19.0000000000000000000 1.2631578947368420351 
