4.0000000000000000000 6.2500000000000000000 
5.0000000000000000000 4.2000000000000001776 
6.0000000000000000000 3.3333333333333334814 
7.0000000000000000000 2.8571428571428572063 
8.0000000000000000000 2.1250000000000000000 
9.0000000000000000000 2.0000000000000000000 
10.0000000000000000000 1.8000000000000000444 
11.0000000000000000000 1.7272727272727272929 
12.0000000000000000000 1.5833333333333332593 
13.0000000000000000000 1.3076923076923077094 
17.0000000000000000000 1.2941176470588235947 
18.0000000000000000000 1.2777777777777776791 
20.0000000000000000000 1.1499999999999999112 
21.0000000000000000000 1.1428571428571427937 
