5.0000000000000000000 5.4000000000000003553 
6.0000000000000000000 4.0000000000000000000 
7.0000000000000000000 3.0000000000000000000 
8.0000000000000000000 2.5000000000000000000 
9.0000000000000000000 2.1111111111111111604 
10.0000000000000000000 2.0000000000000000000 
11.0000000000000000000 1.7272727272727272929 
12.0000000000000000000 1.5833333333333332593 
13.0000000000000000000 1.4615384615384614531 
14.0000000000000000000 1.3571428571428572063 
15.0000000000000000000 1.3333333333333332593 
16.0000000000000000000 1.2500000000000000000 
17.0000000000000000000 1.2352941176470588758 
18.0000000000000000000 1.1666666666666667407 
19.0000000000000000000 1.0000000000000000000 
