3.0000000000000000000 9.3333333333333339254 
4.0000000000000000000 5.5000000000000000000 
5.0000000000000000000 4.0000000000000000000 
6.0000000000000000000 3.6666666666666665186 
7.0000000000000000000 2.4285714285714283811 
8.0000000000000000000 2.3750000000000000000 
9.0000000000000000000 2.2222222222222223209 
10.0000000000000000000 1.8999999999999999112 
11.0000000000000000000 1.7272727272727272929 
12.0000000000000000000 1.5833333333333332593 
13.0000000000000000000 1.5384615384615385469 
14.0000000000000000000 1.2857142857142858094 
15.0000000000000000000 1.1999999999999999556 
19.0000000000000000000 1.0526315789473683626 
