3.0000000000000000000 10.6666666666666660745 
4.0000000000000000000 5.5000000000000000000 
5.0000000000000000000 4.4000000000000003553 
6.0000000000000000000 2.8333333333333334814 
7.0000000000000000000 2.4285714285714283811 
8.0000000000000000000 2.0000000000000000000 
9.0000000000000000000 1.8888888888888888395 
10.0000000000000000000 1.6000000000000000888 
11.0000000000000000000 1.4545454545454545858 
12.0000000000000000000 1.3333333333333332593 
13.0000000000000000000 1.3076923076923077094 
14.0000000000000000000 1.2142857142857141905 
15.0000000000000000000 1.1999999999999999556 
16.0000000000000000000 1.1250000000000000000 
