3.0000000000000000000 8.6666666666666660745 
4.0000000000000000000 6.0000000000000000000 
5.0000000000000000000 3.7999999999999998224 
6.0000000000000000000 3.0000000000000000000 
7.0000000000000000000 2.7142857142857144126 
8.0000000000000000000 2.1250000000000000000 
9.0000000000000000000 1.8888888888888888395 
10.0000000000000000000 1.6999999999999999556 
11.0000000000000000000 1.4545454545454545858 
12.0000000000000000000 1.3333333333333332593 
16.0000000000000000000 1.3125000000000000000 
17.0000000000000000000 1.2352941176470588758 
